x,y,z,Frame
100.34930959004238,-102.06871806780173,2.300786948167076,0
20.405998230862217,-47.160029554289,39.71506324282654,0
23.25312124039522,-41.97264111417818,37.581835615874006,0
44.847242358535865,-27.862351893629754,47.36620363413931,0
51.29577027934895,-31.26046549228864,59.45324646733258,0
26.030764162739835,-62.789440100413245,68.74757980393667,0
81.92427745016168,-36.94040059572572,72.63003042885664,0
76.17518084758025,-26.585734361779995,52.875724563060054,0
82.23316670133272,-75.43482517332771,22.513506978286742,0
104.13753936824294,-113.02226976874215,45.88008505437941,0
85.8204901507233,-128.42249126419094,19.889699278844756,0
99.69808143970913,-89.00965344757519,69.41735611438597,0
110.19653281768123,-91.85083716113583,29.038910028812662,0
103.21285869829634,-63.27531513003073,40.96084988707653,0
83.80075807823056,-111.70947322965529,-3.750879713846411,0
69.52655774739728,-84.11318855655635,16.388186571628147,0
65.05106169653945,-28.330180871220094,35.90913238589593,0
87.94539279211043,-129.27953013445338,32.686295107914766,0
108.1232728162226,-97.74625497988322,16.748617298987362,0
93.57426605566036,-65.91308095129874,28.214216515499942,0
36.68263854649068,-57.2376052406472,78.18981441965644,0
18.93769607294706,-62.166603155952096,55.03035220439214,0
27.851522010858897,-65.22735961318736,67.98835582641736,0
40.22232644842762,-61.511054514399014,80.47706105331162,0
15.161582526725365,-66.04706044365928,62.79349271556688,0
23.52791485579576,-63.02181967201453,76.09115318154448,0
34.38711120702911,-62.06023752068011,84.72574506280473,0
36.677715260144,-71.64979790014995,82.19540407473458,0
19.829844573592204,-73.35077091313197,66.64201309589782,0
18.572237619889954,-76.92396880069633,56.59648972403387,0
40.23661537254633,-73.07397274497886,75.20870323082406,0
25.24693352196361,-82.38524271019844,65.25283260764951,0
50.00111617269706,-46.3454936812518,79.2925383777067,0
73.57227689794907,-57.40155503183681,82.45327952116085,0
27.571860612294326,-82.23456859395286,70.98198867586804,0
95.60544242197386,-43.59338343103072,48.21430042153447,0
58.66211838998778,-70.48315027231297,27.138164481727763,0
83.9923838291331,-45.23210497402863,30.30520283612776,0
88.74783037413054,-72.86120173867863,78.8378168110185,0
90.52167985187003,-88.42312063966997,11.780594510127674,0
102.78274731813546,-102.51389818416943,59.11343557944561,0
109.74463300102411,-80.15992041104717,33.35799438237168,0
77.17455580222219,-97.23589415447584,4.864097812891213,0
100.84445598630367,-81.3991824320703,22.707780854842937,0
40.152136833344045,-57.382578498169956,19.025234644354903,0
20.12215139521119,-65.05635279297553,49.87767359077043,0
29.185074151615776,-57.66014861095048,24.310373622050555,0
68.55157110444526,-72.66093817272522,79.89394044789984,0
51.04749523533968,-71.22119197092384,75.05433864209404,0
34.63081176709015,-34.735269876331145,39.367971046536184,0
112.02947503987133,-102.71703278099002,37.197188067211336,0
105.56813311983548,-71.12524845006203,57.400714030238866,0
56.50935760417616,-37.89487508828432,74.05804082923986,0
85.96048465094691,-126.06229452129193,5.252876339633885,0
98.7687954537796,-118.63200097150872,7.740291486641391,0
97.1639127964278,-55.38330928182147,66.1016270697089,0
110.86676180999383,-88.90622952167836,48.38587051954411,0
90.2845066724849,-124.14772102783256,47.029600708355694,0
79.47379668546132,-102.18955672018652,73.23233087230808,0
73.4792808334423,-86.70791433845024,80.0735564675903,0
87.8752495674594,-114.03561856491424,61.72541179710285,0
46.41916991313273,-52.541717160100575,81.41434820546428,0
56.1560902902835,-59.49223738131729,78.25477981429174,0
16.534045701068926,-57.27405335114495,46.245050638643214,0
16.481359594776645,-57.925565707703306,36.536302502962066,0
70.14480797802038,-56.21602224321384,24.88860419949003,0
53.9983099535545,-34.0807202029038,22.132769423039534,0
100.29991371360761,-121.5620619383261,32.200686184624686,0
97.372779830188,-126.55862643959351,22.675060436155864,0
107.47369620309493,-111.4284065366496,24.01920956761781,0
46.50358730712164,-66.89630993851556,33.208754159163355,0
29.291748682087857,-71.11541848662388,41.5024238498442,0
35.52913197474857,-66.3287042966944,33.585531759641036,0
28.213132788978193,-69.2574787321171,36.60222483286598,0
32.721623831993824,-76.10058235054052,51.482943474370046,0
44.26634050025719,-72.90352803199022,65.86600808321555,0
38.36338514240561,-74.58368769005848,59.95742913785667,0
60.921414913241996,-85.48593770461846,73.51674970957359,0
53.351401135351985,-74.41764310470445,67.7464668978574,0
49.70971156571046,-78.39754138703162,57.73122481443313,0
55.66999931921315,-86.88315088977167,57.45479556262935,0
45.82168416245025,-74.18746335777124,47.93442744707187,0
53.587422212809116,-83.87694702058378,47.69761392334502,0
41.77631872349561,-72.39124457985008,41.34796361633121,0
53.124848859605535,-75.27156801618793,39.702020964360884,0
69.98910838065643,-125.91758139723369,27.876617450161113,0
72.12298124605164,-111.16383641483237,7.597758990610529,0
74.96115507705508,-127.82553491036798,37.09903641211995,0
70.02327108155573,-120.24143091334632,15.026601174462694,0
78.75577972132865,-124.62564197524304,46.45088070206823,0
63.47677568811576,-102.93594962891075,13.680635414324808,0
74.20998904904921,-122.9503833656357,55.055653627092475,0
64.09834967686395,-122.60413702194558,44.05322579165609,0
61.112458935267156,-118.25055722867505,32.79080782564002,0
60.93010576442028,-111.71257421584598,21.840093349971237,0
60.81703584776435,-90.46868403612766,23.982485144069432,0
56.877764776828236,-108.57619956818051,37.76235207446287,0
58.88269336195276,-113.17062885669908,50.85563145569541,0
66.40441863505518,-110.73646489229034,66.44209692591555,0
56.31122497163301,-100.3112583523836,29.608683322311,0
63.856050910506966,-96.63835851042155,70.5709369059233,0
56.60977118739601,-100.2992109680202,56.70421802550402,0
55.18695620364418,-97.51489242701894,42.980743557211696,0
57.832587161196095,-89.36948624981957,36.51103101667891,0
59.105462141960246,-75.15946555270229,32.22043094865057,0
68.06405602708273,-128.02152275514715,46.40166550269565,0
11.1215571536191,-90.82923632623184,57.00465466971837,0
-5.614411954647179,-89.37497954511312,27.141204394640916,0
16.0194586867552,-72.20177205415966,26.43635650592239,0
-2.533931886895725,-103.2448432816336,15.514127280892543,0
56.082102595059226,-123.15046116653312,70.48203527231762,0
48.34282264204265,-134.2816636983577,-7.305798748955906,0
22.53275981655586,-66.85694812240332,23.04456148194249,0
45.02085777856425,-139.66630102909085,64.59199411862598,0
18.43662681183733,-75.86259653943397,40.9222176701573,0
22.29222220395577,-94.03316228658964,114.97935814542278,0
45.71345173769772,-86.53745095529517,110.546153447486,0
38.97834171496733,-83.67720563216139,102.39418406332135,0
14.99395379197044,-82.22323241551521,51.16466556295807,0
9.218963122486555,-109.86947629056634,87.48039463605961,0
44.65896758271747,-114.22383379253485,99.99610403736776,0
-4.823578516434483,-100.61825052835395,50.041255877968496,0
68.11265304786417,-134.52763145070216,32.36977825222157,0
4.9778822290182685,-95.3586917643975,56.55379185434868,0
22.92452653966012,-87.8059473561841,106.42887366139851,0
30.4041015931821,-86.0735509986183,102.67913806692484,0
9.683673194829414,-105.73870135216723,71.19065039526912,0
26.836043821365674,-119.86563883454886,87.89369058711885,0
17.555320972404477,-90.90323750880286,109.2916101530357,0
32.50190670410702,-93.85733714210745,115.73306144042498,0
46.1811481775501,-79.71610732506156,102.35813445646531,0
12.23549835408253,-113.2141182114201,11.734612723183599,0
53.51593560040526,-122.10002742173089,89.8260914824997,0
34.02166255040496,-134.5430764791784,79.86533806495457,0
11.382661898217435,-137.99012177822155,47.14804508307209,0
63.19336405328221,-123.95584267649828,58.07604910560416,0
52.97506883950056,-129.11443737104162,48.9907712342406,0
31.698126112907577,-118.70831568833434,14.108267010690188,0
56.10481796742448,-131.29914448669828,22.399049623974033,0
43.674569773050806,-133.59792931993022,30.505598148676498,0
44.02231245443363,-126.27237825564919,4.490317491245993,0
20.025295374846223,-75.94987213928601,43.70587491884162,0
58.31943740963845,-89.7888099739249,11.671189601025237,0
66.93980944018564,-103.8384659335591,2.953212263912537,0
46.16988629233673,-76.85589422092212,18.592966576076094,0
31.379365768747554,-66.77982606886587,17.81193925514459,0
73.91121578854222,-118.66944860138877,-6.205619186547815,0
27.186936890631888,-133.67970760547738,40.29767352673828,0
16.84334556163975,-84.68283475899149,56.65510018741662,0
20.057353339505113,-94.48052178662444,68.70123713576153,0
79.79016275150914,-129.07409510582121,45.09291471746482,0
-19.274457383414937,-123.17941187766804,30.50708499257834,0
67.95092312483008,-112.25930691844471,72.26637587312804,0
-13.730045019466607,-98.23618650034412,39.60291864452649,0
77.03381993356834,-131.4389846558202,17.87862071549647,0
78.84757915857102,-132.4322136389214,34.45444799829394,0
-0.1002517481127297,-127.37597932075818,26.46151618219782,0
63.11725352436989,-101.71344551639727,83.33879641150398,0
40.20578999057272,-132.93213863558503,15.056852019494212,0
75.36515826075087,-121.74864141382413,60.09828553004085,0
49.958635619137866,-143.82083752131885,1.427302122177226,0
30.850867645171693,-90.93010674317165,79.17042865582515,0
21.645389588340297,-124.96825272915427,23.965778761266453,0
79.24463887818548,-128.22044813047054,3.0901756494539803,0
46.79227712792904,-79.63846357404995,84.64680616925517,0
60.404565575604074,-87.47252281956298,94.34534647757607,0
17.208007658198454,-70.25478988016113,31.582638215153313,0
19.356281925212638,-69.68605499482807,32.34853980177045,0
31.027778535900506,-75.9088784428346,29.684636369833253,0
26.10174090611432,-79.76933744757706,40.53663738573182,0
36.19511045861713,-79.83865216157538,25.09744743561768,0
25.917852559845468,-76.41243761523822,33.91481081223402,0
28.47217902048553,-84.19638797285248,52.16328729734599,0
28.708189681851447,-91.58371653119566,64.24612238415617,0
33.46545367326842,-90.72319637060939,75.42098811596819,0
44.920371548697666,-88.43704220457198,73.70790564178995,0
53.178811718791074,-95.71563530031123,76.61525913624517,0
40.27003239084747,-89.04524195819882,60.03444059345728,0
45.219032762111205,-99.38131945366729,59.47312265009542,0
36.59358450105744,-86.5625224947472,48.33486953391474,0
40.654586250989226,-95.42000340278337,44.32684516787647,0
33.47370387681565,-83.75450138799927,38.89330980878727,0
39.93540652680123,-90.67576533685643,35.03220222436073,0
66.29522264198847,-117.93546355651372,9.527403180603967,0
69.39371628592711,-128.75149702376848,43.72078805854819,0
63.928810804024195,-128.75745933096331,25.5139813869532,0
68.05478257807184,-131.40157549195007,35.98226028843949,0
65.52523974360282,-123.37940081710933,14.308320419993992,0
58.08831051035587,-111.11167499119567,9.831025538738203,0
64.6483974948179,-126.26757408584228,51.92093862655221,0
57.596610304257325,-118.74391721041911,20.183355520048913,0
57.31816199707254,-124.24090629822632,30.15000060580987,0
59.10933368221975,-125.81483355549979,41.144554392522565,0
51.52724430275388,-99.96935701572384,17.09169449396618,0
50.69042881435727,-116.83647939939392,36.550708087985406,0
52.61816898723451,-118.95520343308917,49.36891079767711,0
59.77450867447,-118.10103710781746,65.23516427189057,0
51.15275896687244,-110.74206444462301,25.513493709148914,0
56.80406531676095,-106.86162509584379,72.49510398289578,0
48.81586361886261,-109.8334189429958,56.42647988932266,0
43.99332417284554,-107.4620843918948,42.24334469269061,0
44.90373234481604,-99.97022190101156,31.524017877128525,0
44.1497812808507,-89.10366206330411,21.369030433513863,0
14.165542731549943,-102.89371461157728,87.63974134402737,0
33.959566660631296,-105.8352432488719,106.25471765859461,0
52.81522108114791,-88.75598659948069,102.29097051491526,0
37.17740032915394,-87.89974039824436,90.44847227016054,0
20.12853120400865,-113.8028186211515,105.07301495436603,0
46.96550918202373,-83.364152814301,94.14817218150378,0
34.91180522302892,-138.97874937918115,53.02890334737625,0
46.79635362743391,-131.7385535124266,41.049297079135705,0
21.22838407407846,-132.91352365863654,64.61797636627975,0
57.53299918619827,-132.62129172618253,33.75277503166779,0
12.659761768557773,-120.88990893343565,74.52057008407048,0
-0.6217640055688284,-125.75504040199411,56.154218282142175,0
-21.540567886508043,-114.2122252300435,39.35923947994185,0
-8.395315751842809,-95.70333285472188,22.335118324056044,0
17.405640335034573,-86.43755150104688,14.485882149423654,0
43.83582157161341,-103.90893457020813,10.439315710180196,0
31.102492737786054,-95.18678477693625,15.793742001909887,0
53.54986615254301,-114.2720993679616,2.5406530203442546,0
3.639000891593392,-81.11169360446343,25.215097626628186,0
62.27722372051131,-127.53535678163327,-14.143123168915043,0
66.47818654688196,-136.67402157215682,1.3357612831586752,0
68.87826026704867,-132.890954006348,16.74247812048038,0
9.083995050603358,-84.14867714871053,20.816790283106638,0
-5.363063567515348,-117.57798048333748,63.03516071341883,0
59.0874691912687,-128.8945990844171,41.65319650835393,0
25.163004166325397,-96.57877611478825,86.04022793539589,0
82.50306268203768,-70.47502683618376,13.538406794272449,0
103.24532315291141,-85.78477662846974,77.00940782034368,0
108.67393624195464,-53.96023088477299,43.5237453136017,0
69.81367640342334,-78.28491096646815,5.553128413466358,0
96.38008507549938,-56.88527095137359,23.119252203102217,0
97.81337331791259,-37.41743386505347,48.950671372306566,0
57.64143134998758,-64.24378654251642,15.862933047000906,0
86.94042880069797,-35.4131232964855,27.11364805624549,0
94.1979853811864,-67.94687164895085,87.71731405764963,0
90.72638430457995,-84.80109179030191,4.320932804128703,0
109.28106103573654,-99.31242207010742,64.06657475622326,0
115.50945710996575,-71.8906193545284,35.806435977505835,0
78.73909626286233,-92.77737807561127,-1.3242272503255836,0
104.67068389593193,-73.06945355847684,17.96821882729884,0
111.60663756025741,-68.10059897682146,61.8060290979456,0
101.26280162139177,-50.198820726597795,69.74924502505463,0
117.39312120494056,-85.03872285778277,53.45954469343078,0
70.48481491402383,-51.03668870617591,15.665388263344667,0
104.02915460731364,-98.6886859294974,-7.174552667468638,0
111.27902572977952,-113.49164502131244,49.50662215869231,0
117.2082688611274,-87.69971124184703,30.059792398421187,0
86.41193895831492,-109.17737480483288,-11.900012529412763,0
115.10859182816671,-91.61706609566639,9.097853031347954,0
119.26390670684614,-100.08537506720619,38.37889774536848,0
90.12954044164329,-127.133096709077,-1.477514910290555,0
102.06921596509609,-119.73065662220863,8.295018355350711,0
107.09263287634194,-121.16020907234298,32.761397106716935,0
103.64387693702119,-126.88047184866979,20.103486934971897,0
113.6288129624023,-112.75035232483711,20.440614618583407,0
96.78988327321046,-125.49169327904949,52.542067539542785,0
85.79010585206998,-101.3015109592078,82.35998133935571,0
80.14112139172681,-86.87042047119705,88.88954865208471,0
93.19502069323715,-113.0879307975503,69.80108035311038,0
68.93721616665177,-128.52280030083497,47.57235039746337,0
57.138634179849504,-124.86363129704269,73.82793699357103,0
47.72102363568624,-134.0776310954916,-11.75134657676778,0
43.597945616677706,-143.01507266529043,66.27666235926108,0
69.07610901785591,-135.6369161614473,32.02461257326056,0
9.75817060320091,-112.95038832885137,7.821614966475434,0
54.47615864922423,-125.4457185179928,93.83398749126951,0
32.192826355658184,-136.25214658066798,81.71342191323293,0
9.237847789690326,-141.72792984489104,48.025830643133766,0
63.64531824183809,-124.20227937539907,60.65163529837678,0
51.65858807599014,-131.67649873179448,50.36621584885365,0
30.206208366803967,-118.3095234529223,10.612441929080468,0
54.50501051833148,-132.47578882150242,22.65581657402059,0
41.59905291972653,-136.49008022186842,31.609632460282693,0
42.85105951535677,-126.72331952478271,1.6154190187090982,0
57.895066730475214,-88.24342755734641,8.99322425719278,0
66.67983663700277,-103.83673464216689,1.1141135470271863,0
45.2804790559185,-75.70866465846062,16.68061271185241,0
73.27495223031153,-118.6690643457434,-11.013061138996402,0
25.260419035712392,-136.49964023003074,40.25290629390406,0
67.39697889944233,-111.85240124571594,73.01972860246016,0
-3.7737070403598323,-129.0118697154386,25.186916728563947,0
63.27260030011704,-102.48995671800533,85.79457974405241,0
38.105153314743156,-134.89314565465472,14.119167831613852,0
76.02821338189736,-123.71565164077013,62.43103145539825,0
47.48229740922988,-148.810225174828,-1.1186723135606595,0
18.60781527466129,-126.68345567009405,23.331494995099902,0
78.27412810544239,-131.41370253666435,16.459569218895687,0
79.50542192022709,-131.87610108693718,0.12960753455718266,0
10.260504711686396,-89.74037522937235,57.72213998995422,0
24.588678470284318,-61.095480264144236,71.41336810516133,0
35.54749436258836,-54.775881890159205,82.80542493013921,0
16.41112226519462,-60.97555870024644,55.03030279303441,0
17.25230486212556,-73.71694185918224,41.576725166217805,0
25.714426767820427,-62.89358824407768,70.91461837008009,0
39.468341982363505,-60.59838843465771,84.68052489593404,0
38.961264734304756,-82.0420300773406,100.84754266672728,0
14.42906990206196,-81.3799529018682,52.55273525080135,0
11.984678430997302,-63.348952839049524,59.262652095704645,0
22.65961217416185,-60.95044423809062,76.53676588662935,0
36.34990817008057,-60.764312504826236,87.62289469475317,0
38.27953664438433,-72.9538790572625,84.3120046676555,0
17.729008268271095,-76.11874884207965,66.11946027457472,0
16.907408908805653,-76.85697582871315,56.70952168317786,0
41.21731882153823,-73.19350840899561,76.54096574509795,0
25.774304963261088,-84.59447619102977,68.8953953174651,0
3.812740211605159,-94.12702810218744,57.79266270963479,0
21.75304141505332,-87.63193639194697,104.91401674543343,0
30.053377073372122,-84.66360038935323,101.922673181419,0
7.903436515047058,-104.84648726005912,72.0027019488699,0
48.369180446912715,-78.70705696474519,100.68337356142825,0
25.02128048420223,-86.2394668527724,71.91080575885528,0
16.644740392879438,-65.45322827485239,51.093457573858814,0
19.132714040267523,-73.33046939583693,43.99692254775707,0
15.49251353354152,-82.51353297999582,56.92101187772341,0
19.70724362864401,-92.06913783223955,69.7729960195927,0
50.38040229899686,-69.07935758976679,83.74374445514165,0
30.717031595010738,-89.83136869090588,81.06040680529387,0
47.83463027335537,-77.86992398769263,88.15337216643057,0
44.599520871118614,-51.26703557023373,87.2200545052833,0
52.98646484248715,-58.24176489320965,87.97065381763267,0
12.28653218704586,-56.38366685843101,44.54287864661414,0
16.148807609800446,-66.78125690781272,31.10850045359335,0
12.066984284282208,-59.177933718375186,34.02079244923777,0
17.115628870126283,-66.25166057487482,30.952205298622825,0
15.008477707329172,-69.50947014765697,25.653471959688893,0
11.738566254543455,-43.98577375536242,33.824913229484416,0
22.654231595508552,-64.77801044585847,21.293449843030153,0
20.565785468859143,-50.372218813880565,17.378850923597085,0
48.531632248373214,-86.85337023866057,109.87546251192492,0
54.29415054984409,-44.467987949932024,88.91528104976686,0
78.31681313197193,-51.37106361790192,94.80089944266429,0
70.1180925502495,-70.88316414249962,94.2768410606992,0
62.910044402130126,-84.89683014264266,96.29256885329859,0
21.27231260465601,-35.46145408178841,27.58492785070401,0
47.92767203328225,-19.482621715229715,45.769103990646684,0
52.33607951422561,-22.021840244688615,59.29176270793634,0
84.9386560021945,-31.046324282977118,76.93878058660536,0
80.8247954829891,-18.824379241188034,54.78779697018988,0
65.88220431109086,-18.012817060262776,33.40130510242475,0
37.932316292098974,-48.336073171199914,9.989550255592581,0
32.2848521694766,-25.894403778348003,31.963780910018393,0
60.16947034734551,-27.930033157580286,76.806034411511,0
53.01097146584109,-26.19138500120892,15.413426951559744,0
-9.187649350346115,-89.40927630891741,25.18069326418021,0
-5.362707641184252,-103.39817935232531,12.249686505463327,0
-8.002575497332863,-117.85336721936007,64.90560090622982,0
-7.134366277674062,-100.01123005289094,52.083536790697565,0
30.13084230590638,-66.0910177589445,16.996941168275168,0
-24.356120403442585,-125.28340840039627,29.462749881981154,0
-17.22407833350007,-97.76345252466535,40.76145781181669,0
22.367347976756626,-95.94905469361822,117.08013108053056,0
43.40303905721731,-117.08732225607687,104.22239789851167,0
25.498175068229006,-122.11030885196213,88.63572478068389,0
15.23693245052615,-90.88899266090867,108.69395154618233,0
32.91216652311966,-95.3490299932725,117.48945888810228,0
12.596057957506176,-101.93949022105957,86.97770657288888,0
35.765719049070604,-87.59540909403977,88.37402769948605,0
24.91807352117739,-94.8220097682779,85.41651350556886,0
48.015803467499836,-81.23890215253694,93.85480943994988,0
32.6394400663894,-108.805602751222,109.64463240092078,0
56.20350974621949,-87.60191426255757,103.7187030266724,0
19.204296013755545,-115.7016480941374,107.16876418682851,0
6.6986823371703315,-111.72042040017168,87.54013326723168,0
-11.69352037650234,-95.43144328361281,20.390679480088952,0
-25.956297439603215,-114.44363974772436,40.60421698765856,0
-3.5252821040045297,-129.56111488169904,57.13694849997101,0
11.57601391989621,-122.94189546651762,75.86333974549346,0
19.91886354816327,-134.88665923936853,65.58345684485076,0
33.55608480351512,-141.11646621518582,53.5966650187015,0
46.075849490297145,-133.68545957328024,41.79693973974666,0
80.65154263813218,-134.16036306123632,33.31947504475088,0
56.34271220222957,-134.64110717692043,33.75009218055938,0
93.64687095968405,-131.32148048209027,36.59886428287219,0
89.55657080996478,-133.68963114519752,19.654240561095357,0
80.54435321466698,-130.1918829287201,49.97440361003435,0
30.230208711802526,-94.54830781835878,13.575720652819152,0
15.494944904081848,-84.72486667341697,9.72171650103452,0
43.262842274546635,-103.73757905253076,9.154880398345433,0
52.52916879610477,-113.0081091419271,0.090927527431169,0
62.053412765430686,-128.5759021245049,-18.517575707768206,0
68.49825943117463,-133.52752417157538,16.10310086220277,0
65.35546417040625,-141.24284084633985,-1.6021511219961648,0
3.1247419340442697,-79.86937052854614,23.307691158350323,0
7.752440890292875,-82.40420780629528,18.115699600987558,0
58.11203158057482,-129.83712995258986,41.6422120414217,0
