x,y,z,Frame
73.09620272403626,-95.36226601191301,-17.426496989391506,0
8.425961531143695,-17.842032632817663,26.610871580537143,0
9.990246006823611,-16.673478343860587,22.852690328382394,0
26.1462172696043,-3.2849181827402094,27.99806499893129,0
34.690890591234925,-3.67096808713488,36.997783131760826,0
14.713263020343447,-27.493498781031093,47.50676889733508,0
70.38615345201316,-10.208260361883568,55.22919750603867,0
61.603439834372296,-5.822711140179646,34.1712121249246,0
56.81663271955458,-59.375354691106345,-0.29688098654707995,0
80.94808783416609,-98.80617468453103,26.108496837310977,0
60.383661593954095,-115.64688008038515,3.4865202615260937,0
79.0708147022149,-68.64880714390718,50.56547692493092,0
84.22464698675269,-83.0048733060974,6.563893638358606,0
79.70210967513698,-49.56306967188004,19.24694346358959,0
56.273818923353595,-102.03537088486138,-16.950920906154092,0
43.650273129255766,-71.01934255671944,-2.803461280115762,0
45.44015115306297,-13.605791642437643,20.55332293902629,0
63.90688412814219,-115.0201510546335,16.098831848494722,0
81.77081914662153,-89.47992996573616,-5.548722370014461,0
69.4614048808821,-53.79755902282553,7.063748651433838,0
24.462702775675517,-23.27079076207514,57.695974296657376,0
12.030432075378213,-26.34971126372829,37.98765032353307,0
16.540427813147765,-31.66585081397422,46.883916063064234,0
27.986986717243127,-30.62712716228913,58.74941311607168,0
7.459461224376281,-39.195505391951976,38.699818457451954,0
11.63570082156864,-33.88663347835691,48.99538789383122,0
20.503990326827648,-32.66836743891405,57.43777794907147,0
21.867010746103297,-42.549042002676494,57.772238958628066,0
5.488968868584307,-44.07277603487212,43.22790714291834,0
1.4452825937424856,-45.44886293229288,37.78426422711178,0
28.86499801114438,-42.48846758223285,58.40729195946646,0
8.34874299086141,-50.2773905820057,46.12297240337142,0
36.9928686919237,-15.613868156923736,60.585675095993196,0
62.491700115191044,-29.968212119293682,74.21055136720358,0
10.69887887350647,-50.982780554336024,49.13028231358311,0
71.74541706885353,-31.5670419756715,27.349219091363594,0
33.8841362185351,-54.393920906430274,7.110370249817507,0
56.62217864997981,-34.6959298961549,18.000006382501187,0
71.95118932499561,-50.84160835364482,59.10424961510247,0
64.72268782619491,-78.10818685924,-7.958213306454612,0
79.64337800966841,-86.60680190080787,36.463306993715534,0
82.7756485394836,-68.98191992840604,12.022637225711248,0
50.2691410192065,-85.58140435732768,-9.861096526867781,0
74.76074731179901,-69.65962045405652,1.3260871432453023,0
23.655861328088395,-42.49924644647796,8.13473889892862,0
15.251211816285336,-32.71055973583274,33.894417130520466,0
15.949342826068273,-37.60437270903073,14.433920770868188,0
52.38033692055049,-47.937328113857276,69.1662822453878,0
37.09686958421408,-44.74259051447717,63.56049292750127,0
17.38320114654745,-9.859059922211761,22.769222630718122,0
86.14851231055071,-91.29504349296005,14.89706373585141,0
84.82520885094864,-55.05518927511347,34.96809900317605,0
38.2829341467103,-8.1685991279933,52.38445487731078,0
58.71335097599966,-115.65487571402129,-10.861634657033363,0
73.99044550225808,-109.75571884577919,-14.032939683758608,0
80.07430788578324,-36.3000905314237,44.64835024323587,0
85.82726105866251,-74.9364981961481,25.18152494018248,0
68.13221938836722,-107.7926244588727,29.828354061251552,0
63.543280052112564,-82.46170814916329,57.739931437841456,0
57.67375310916942,-62.89193423709998,66.14803673857145,0
68.17656265767754,-96.09402061161734,43.28418915103657,0
33.48732233881578,-21.65690955145762,62.1145794794444,0
43.055234346741415,-30.38561652087294,69.13058319248195,0
7.830410618007074,-22.51952767522713,32.55429208954312,0
8.742582013047416,-27.82415571875962,25.08452476958636,0
46.41830042647993,-44.01933485251834,7.7582741713593935,0
34.96444551108316,-20.609473774178596,9.350365737842537,0
77.25973444168812,-111.41696525745222,10.568213864338174,0
70.94819845156844,-113.69210777279032,4.686965950973706,0
85.80139995428053,-104.35241047234376,1.380398332633353,0
27.548863592708212,-46.92798916446746,18.25564541163034,0
11.16536544794232,-42.67788582129916,26.54794501825875,0
18.660344561181102,-42.79179512482049,19.983881305862973,0
12.191638787629316,-42.544136735755,22.521971190028225,0
16.882748682882067,-46.66989318773761,37.123104527293165,0
30.089332795917848,-45.88802729919281,50.39365218834424,0
24.154956085174234,-47.65563607938486,44.111965032915414,0
41.31755708538295,-61.87322217848186,63.28105181442919,0
36.44964959495611,-51.23355204630551,55.88646652023919,0
29.980344546923547,-57.43781281650696,45.066604223528586,0
31.711823452337423,-67.97951666517145,47.136918373509175,0
27.792423802599973,-51.83404347180926,34.01122143945648,0
27.79464018105078,-65.68719678892954,33.55883518080241,0
25.688628043258582,-48.58842362756387,27.258258803765404,0
30.624398469213766,-56.583993587082425,23.499546955363865,0
47.97484279653523,-106.21945219304062,12.994603502422354,0
47.51770020016944,-97.29540993266804,-6.2754419917519355,0
52.5374647560458,-108.80751407091878,21.469877833238336,0
48.3736340926737,-102.74738727667804,1.7696385350116708,0
56.59291660112704,-106.10463399354454,30.164881879947337,0
41.46134479266079,-86.39472177607514,0.31441432901571686,0
53.17155994618562,-101.50250268217135,38.59704684671943,0
43.73306832280739,-100.87250687611717,29.020937096822077,0
41.39180819741204,-97.40228975229428,18.567315877506907,0
40.38717107827532,-92.36851786177871,9.050621189577198,0
36.73770647190222,-75.32088022465315,5.5446669252691745,0
36.2072135532206,-87.92204063870845,24.43923268900288,0
38.37714317405468,-92.01248271613966,36.63067809416403,0
48.457773391407734,-90.90384878694134,51.882722656673174,0
35.58334866178296,-81.73780286409377,15.173750256288153,0
43.50818134652835,-75.7799391847975,59.520538053884735,0
32.46503075582129,-80.6677968739915,44.89590185082439,0
30.913373119025582,-78.1415230191494,28.875585732914942,0
31.72031510158756,-70.658444977318,19.852361803710163,0
32.75904123355972,-60.313303102710876,12.311000313265422,0
46.69996684370418,-111.80903291717838,32.260072680558,0
-9.710328226660828,-56.40870077096973,37.79312776427408,0
-29.544230212250252,-51.68690541467349,12.71574850536779,0
-5.473669996925109,-38.34240975092901,10.762991726127503,0
-18.85855737050637,-73.6131573554444,10.649061934969549,0
37.48368361359227,-95.57712295268513,56.334524480458484,0
21.748956538703037,-116.48438383710346,-14.230872883852841,0
2.13707740062465,-42.1787041388278,10.769905410787553,0
23.419314201270417,-105.41456466619786,50.70396802104042,0
-4.977135859702312,-41.11580203516413,21.526387367660824,0
2.6943618020437943,-46.75276580982432,119.24636798579806,0
29.605048106913543,-36.218576541840946,105.79584012708457,0
20.52940524720531,-39.15851180659676,99.82427894736252,0
-8.84383655257592,-46.55282861574518,30.365088942002487,0
-8.204397427354376,-68.03376014598402,80.66288441156493,0
30.04230948262761,-78.83727555977222,88.32555378826585,0
-19.56551065472206,-65.47212814069377,37.11415317833183,0
44.94130272711158,-117.30521108920061,18.041857825572762,0
-10.637949354413095,-60.85043057775296,40.60422965714166,0
-6.422522150122499,-37.77891578984938,107.68324294862119,0
5.24164335200248,-37.99660776881292,100.76284445207475,0
-6.112961293099722,-69.51298795997867,58.54181102453226,0
9.870100382780477,-87.01923598668968,82.79052366372085,0
-10.178851491978472,-42.40200041285875,114.4144160455162,0
17.793757092818378,-38.35652708349552,115.379087736678,0
29.809319416793706,-38.37107459791766,95.77859348888238,0
-17.391824483496915,-91.12831884152736,-3.689853674982576,0
31.66297314569399,-86.62135662884191,69.0017429779554,0
17.072143717789604,-98.8678990991509,70.69064742654321,0
-8.09969402841442,-104.65173885489065,40.51574347337118,0
43.095174496742416,-101.92780966741618,41.93006354034828,0
32.02654841616348,-109.91906456603928,36.145189424161046,0
-0.8679531753183543,-102.65585726742864,-8.62009014502659,0
30.95180179659807,-121.42741977083777,9.520208352238098,0
19.10157749409723,-122.83542710562232,18.262997714800722,0
11.391276722069032,-110.54397117941618,-14.614167199384424,0
-3.8983144651879074,-44.867371442395985,24.249947334768986,0
33.694900793733225,-75.6078704315323,-4.675400390989452,0
41.11186118802944,-90.36900514532776,-12.439579565913233,0
22.881332784900188,-60.509217346834376,-0.7328479994473938,0
12.802967035993282,-48.67643927424845,7.68623946608742,0
47.766138398772185,-109.15139080678135,-18.07116649883878,0
3.6887718093430144,-115.51079689694087,30.259523234412363,0
-6.411550641120631,-53.92270769319801,37.28395612761546,0
-0.27589532843766706,-63.23881594508904,47.960384076645894,0
57.587518550661606,-111.86924356659677,29.209667573823896,0
-25.90894903765064,-89.90956515488844,24.52270572729707,0
51.75830897617698,-90.07969291970092,57.096383137669676,0
-32.664679683444604,-61.142230937640164,28.63706314891117,0
51.67629528078398,-118.11119338652797,3.6134399686553214,0
55.48807339470004,-115.76788778610751,19.277812474370783,0
-18.523392110551292,-100.01748526888686,14.991581304513765,0
43.91060448966379,-73.28761162812579,66.04096882677355,0
9.81766998232529,-120.43862317224651,-2.6649200818678165,0
55.593574302884555,-101.34965103454321,43.58860677324222,0
23.810806996655977,-121.15167147731559,-7.298151827014958,0
15.098060037623656,-57.53264045817032,59.99023100563446,0
-5.78552897153282,-111.32726576886736,6.763953483766452,0
54.77692730103788,-118.79593157694559,-13.676256217155071,0
33.253971874470295,-49.49495912858592,69.0862853904531,0
43.991592599274135,-56.62135821785332,77.81034404048057,0
-3.0578947399114456,-38.01327172684909,16.070419651934667,0
-1.815227364829019,-39.9333579208975,17.082671628256044,0
7.960566353920038,-51.0606665671955,15.456338415267922,0
-5.15807051347171,-56.022489723327496,23.016976616218972,0
21.106339294388825,-52.62530498826322,12.458007428752781,0
-7.726030291810605,-52.1314178933988,14.354969833076192,0
4.446752930613165,-57.94849789062791,35.82256671031,0
9.794206184524288,-62.9739676022082,48.86465397801147,0
17.811353105166432,-59.805729996057295,57.11135355570774,0
27.827431836322923,-60.03974958448207,59.11576203968916,0
35.3542280676974,-68.68003055498131,63.57143785495481,0
21.43737518584567,-64.84244110831496,46.59385281614683,0
24.042768305739607,-75.62792646615316,47.96950916767565,0
18.406762728524942,-58.465969707275285,34.483791340391655,0
20.61111947401571,-70.82519162511488,31.18322158349346,0
17.63638581929828,-52.71060667351337,25.81854779146489,0
23.24236796624427,-64.62847824349468,22.661128800211863,0
46.99569845317848,-100.83200185870089,-4.298854058160302,0
48.352094088793386,-108.54237257693029,28.52302791455968,0
44.67239908315663,-108.46547095275568,11.800662280146913,0
46.54986689560047,-111.58558187663408,20.95104471164944,0
46.96084118189744,-104.99696976919883,0.8803397241603741,0
38.51011139684199,-91.98472690086702,-1.550422653224236,0
44.56476261399003,-103.9119743165188,36.64960704276925,0
37.953296478078705,-98.70976166309867,7.1229497212771555,0
37.51923555358733,-102.11940083537463,17.30321479404496,0
40.31349778053512,-102.90701485574643,26.605982719870273,0
34.0542297484375,-80.14916492655584,4.0481363403648984,0
32.75124651910306,-92.5596546994196,22.984144244525197,0
33.776462634189464,-94.41873949574155,35.31865771659841,0
41.37576842262991,-94.83170990849455,50.605068132524096,0
32.319692534256674,-88.64381950605734,12.697238530641643,0
38.27389075629224,-81.12776837463375,59.206849892404804,0
28.768181689816718,-85.44950186525065,43.52044792900547,0
25.63859953146896,-82.48460526146165,29.84611919808575,0
27.60805274401839,-77.23085818408306,18.3318859574039,0
27.723404038391724,-66.7118209225473,9.12157082341795,0
-5.652305660465048,-59.77108867665398,76.8501432059817,0
21.81329783057278,-65.74168860866293,97.7498485929543,0
37.76363650089199,-52.545367914521634,89.79160542118608,0
21.09332058132005,-51.173978406478646,76.96819655753625,0
7.504587852959176,-68.88648726440168,96.09291309176974,0
32.77998297821112,-48.93612612370946,80.91391837612179,0
12.922080248110976,-109.63507242166149,42.223140540049656,0
24.04343132010007,-114.99720229361762,28.532070929220872,0
0.163733089062334,-104.70204506055681,58.82423359317276,0
34.39600181487758,-120.21345707623546,21.541828264960003,0
-2.8570388548274135,-87.02423964116159,68.27951813550544,0
-15.511375049995763,-89.35566710314701,48.53057192059449,0
-27.679586703911966,-76.3625777480207,34.40923718052878,0
-24.85683048476186,-61.28199137115632,14.939120455873253,0
-4.997642832448542,-62.931195740434646,0.4130877526195221,0
16.56038078331927,-87.40035338873477,-11.483125932808385,0
3.340100310341644,-72.72970775269842,-10.04753690259127,0
26.17860579670024,-101.42049556826417,-17.97557033456807,0
-19.048139017653714,-42.36155376322605,6.875723753269378,0
34.709136613126844,-115.15812676108244,-20.046711419154004,0
39.2300426162921,-121.95426102090379,-11.318321812681331,0
43.2431472845601,-117.51088329637014,4.127344560955994,0
-13.828483427338073,-50.57828657188356,6.053011091478797,0
-19.355118827534856,-79.81119887146072,55.31171628917331,0
37.520669083733836,-114.38895718904556,28.975316981215762,0
7.89389848772656,-57.29816770555596,70.87506733004608,0
55.56166721323914,-58.42271054893835,-7.427391002860695,0
83.13093068707848,-64.5097969205336,56.07370605874247,0
85.25236579136137,-42.35831470065036,18.614279110653136,0
43.18376720715061,-67.437197986285,-9.089030383696693,0
71.50725733514705,-48.46292117786787,2.2285962722854524,0
78.09894870178852,-24.397366992091108,28.462470501972483,0
33.482370725470425,-52.44029953571928,-0.1786072821184164,0
58.38715246222239,-28.453514606208174,12.359801186020494,0
76.05391450314163,-44.990439327049934,64.45355315979994,0
63.541703479575766,-75.00448397832588,-16.890909315095875,0
84.43335969497613,-81.26858446235217,41.43242242041575,0
87.88591519368565,-60.97965464080985,12.779538069310851,0
50.99500101818857,-83.45427490437045,-14.450210844045872,0
77.79672461982084,-65.14938952602299,-5.351311257647619,0
89.56483406097544,-52.07845327531819,39.15956094512271,0
83.92435587982396,-29.826752877880317,49.61139274040918,0
93.09005958820181,-72.20436775602485,27.918640004808825,0
47.487664030271816,-40.376256243761944,-3.0181438337224966,0
72.91420847591779,-93.10349989968105,-25.065461136979636,0
86.4194157176551,-99.90214737980936,27.97309659703525,0
89.52843963053982,-79.14022790979321,5.123197201007492,0
57.85715757862109,-100.54338065050247,-20.311772427172976,0
84.31438760668505,-86.39635720488262,-12.270007390524729,0
90.82700079806989,-90.33813203827955,14.398110116493093,0
63.367914869952244,-118.46294729360129,-18.56661410954548,0
78.23198806254209,-112.20789734268014,-16.236082653702656,0
85.24053235190655,-112.6842523701449,10.56361780403723,0
76.68472924172639,-116.10397136543608,1.516157796759623,0
90.91966126009898,-109.03542307250417,-3.247183854244057,0
75.55731668877115,-109.22531374876918,33.72648978868898,0
69.27900238829741,-78.36739926885349,64.75188874092234,0
63.37078732794133,-60.881372219593615,71.13429807477148,0
73.40454509530898,-94.45571362988102,50.010106352930464,0
47.590722459724816,-112.56153114279284,33.22237257057569,0
38.40115738272689,-96.08145173876112,58.7354692622115,0
20.761200822123655,-117.01644915505548,-17.39423189785585,0
22.32012083280529,-107.54323905902808,52.84664083493028,0
45.96736029090772,-118.92455684022583,18.034885755204908,0
-20.3006283041696,-91.20950155536124,-6.931256644861943,0
32.881196441378634,-88.78354033631419,72.78919332581738,0
15.777609326830602,-100.84899800677235,73.52964389376498,0
-9.593506961844383,-107.9536651902133,42.087523780705695,0
43.72374169797144,-101.63381124798407,44.44468095531315,0
30.781143288725286,-111.37597123240482,37.70513785049072,0
-3.5677772172248434,-102.53027372777491,-12.437010349390299,0
28.98279882662823,-125.37546206145362,10.607016500345953,0
17.53701382380941,-125.52333440918744,20.316324466935384,0
8.754495043115732,-110.46143939236336,-18.186186385900783,0
33.14246280613136,-75.60344102164335,-5.189558412354902,0
40.03591534379238,-90.20085133018517,-13.420025453905277,0
22.725211159254727,-60.89934175552016,-1.9825453057978863,0
46.48197421448157,-110.95642957227153,-21.812996768006272,0
2.4013529417494817,-118.8233848587263,30.76497894711966,0
52.3510902993409,-90.88403067284574,58.62173890822827,0
-21.451891785653327,-101.32848556908812,13.714283615874733,0
44.14801544815493,-73.48822960294463,66.66340331184452,0
6.959297452155577,-123.37480687437326,-3.753967813292406,0
56.83986989746229,-103.01486593408883,45.827210314017506,0
21.250658339567483,-123.70203081012012,-8.802420156757993,0
-8.471481827276962,-112.84573470559504,6.130089711378601,0
51.68804477037003,-120.43661160014857,3.2084738301895985,0
55.100893007665285,-123.58278838532517,-17.11280231407657,0
-10.517449817172828,-54.618190475367,38.165346049160114,0
14.116400034881524,-26.28542734913065,47.82265526259551,0
23.949959321879195,-19.858248659693082,58.63008439907937,0
11.347592219537665,-26.127260843786804,36.324918390467104,0
-3.9649078922914773,-39.1240808434872,22.116678172172342,0
14.641342339469192,-30.20144311717211,47.4572753925799,0
26.873551619965454,-30.214236852581838,60.387551581691824,0
20.731320333341706,-38.425898149456465,97.80348032895942,0
-9.030688838336284,-45.77054793154961,31.33178940255819,0
7.205205003179451,-37.1169247662609,35.20805756780997,0
11.533071507360896,-30.22034671215836,49.1279540631925,0
22.171421646117945,-31.536907838078285,59.67987571340354,0
24.20931299144539,-43.683705725908766,60.67763478815365,0
1.3465924390734705,-47.04128488894017,42.33938684425716,0
-0.26410768389671146,-45.80847450040672,36.9575229281256,0
29.485637309388373,-43.06081567481264,58.83838233539883,0
8.96431409253937,-52.520303337720456,48.53423995936037,0
-12.359896409040353,-58.88846732210189,41.93259913455879,0
-8.156778969610205,-37.21869267966429,105.46179688410497,0
4.498057526119476,-36.73443506613644,99.90436310195456,0
-8.248413188340097,-67.00904175490665,60.24132602402213,0
32.81595725841051,-39.43662351753153,92.09843856748138,0
7.083473992603883,-54.39112353191183,49.32811475270179,0
12.750889709548298,-35.36621711210914,32.97062357490695,0
-1.761936822961169,-42.05093303403817,24.583201145543857,0
-5.325327388416711,-51.732026094834026,36.919902182417815,0
-0.7054483925883618,-61.13435842461802,47.72425823231789,0
37.14505132293588,-40.92717279380119,69.54384362858353,0
14.403141809721788,-55.71802114951162,63.018284558810976,0
34.98284687017436,-46.9774203471606,72.89893149712549,0
32.41602410634527,-18.339500825570294,65.87917466599043,0
40.766700436744024,-26.988314538250783,74.096728587276,0
6.536348295423679,-22.407743034683264,30.345740301130427,0
-1.4374705329773036,-35.52349622866886,16.626330177818605,0
4.8752753729706075,-30.385302090035115,21.109196868188075,0
0.8392960413258505,-37.01978307773964,16.93642500190466,0
-5.317728466962163,-35.50380051523422,10.460055175739035,0
5.52164978984664,-16.760459300978486,23.44002961581179,0
2.209260465510701,-40.492791984753346,9.350269954588468,0
14.085628460387538,-34.29134650114553,12.483556551619394,0
32.61190105708341,-38.8037734882759,103.62213637589419,0
41.09446622037694,-11.37745943822762,68.01053991858326,0
68.50464592698852,-23.737867196591868,78.65331928202467,0
57.03566006130182,-42.46190387007447,78.53439452914633,0
46.46655011201274,-53.752565318500565,78.78012145362207,0
10.274683000910327,-13.222542616630822,16.30494145289977,0
30.43881013612524,3.7496049876499833,25.77513603187618,0
37.03278786542606,5.008708892777626,38.32751841845138,0
73.5567760865661,-7.724718916216939,56.59301723914237,0
65.15067040105913,3.132735817682382,35.20903822442848,0
48.06768578029175,-5.2973930056882255,18.540835891823836,0
21.59339111901948,-36.48192530678252,3.3061614504587222,0
17.615701786917754,-5.646852982779181,17.005694631218997,0
46.41650535037112,-0.9184769956932557,53.3022820790453,0
33.754919383849234,-15.28690621623256,1.0913202598511078,0
-32.964166212421,-50.71536375277103,11.715936431824698,0
-20.985729932696767,-73.82959585870381,8.547575511014113,0
-22.52915542421454,-78.75196503324425,58.55650308385837,0
-22.55501958246263,-62.893152870759096,39.844487112310176,0
10.992434066722517,-49.19947666520941,8.782971033539985,0
-28.52394173629826,-91.81922779974242,24.203530616215744,0
-37.418109536268446,-59.528375555361585,30.416810016532487,0
4.9245042631912925,-48.14072683731243,121.17745910273095,0
29.908544482488537,-80.63966043728534,93.53093918550786,0
8.96976593012301,-89.22574356665253,84.18906593835791,0
-13.363463239084043,-42.27002000399219,114.71643812937108,0
19.137005253966368,-39.018259954912146,116.63365377461194,0
-8.205142222343481,-58.45305215003449,76.41617370709236,0
19.568481559415876,-51.24212936581253,74.35428620605738,0
6.94621690446503,-55.30650661926591,70.74069747190325,0
33.90418987369914,-46.99712357159508,81.1142720938624,0
21.31370610090096,-66.7127496444766,101.59526672925398,0
41.10064387141828,-51.16402244879664,90.88008617106313,0
7.405252852445967,-70.62335578776123,98.16450884538422,0
-10.356872379480977,-69.53761589894854,81.97154141224253,0
-28.19620284306754,-59.96902111791917,13.5797648957416,0
-30.87244201429897,-75.5132190705198,36.23535644826703,0
-17.373598834769954,-92.66302297181544,50.70186029475276,0
-3.611460272395783,-88.81472057018483,70.32792214162725,0
-0.7225210690970805,-106.82443340519941,60.46770961133629,0
11.52252751142704,-111.95331995631622,43.28853800779516,0
23.20377707172965,-116.51320488721723,29.59906100638066,0
57.07359250201737,-117.54269910753575,18.32302186612661,0
33.31262870109778,-122.50923465732153,22.253599759573216,0
70.18493562355077,-118.47843573563908,18.56961712891815,0
62.6082828281981,-120.68833121067793,3.3302693702302397,0
58.424404540377324,-112.12256719039182,34.344386050055476,0
0.9013291511051832,-72.23675425546757,-14.008610167877917,0
-6.928626960265592,-62.16937352290497,-3.7387214803474276,0
14.445336941930323,-86.95470619486017,-14.719833565287374,0
23.981532720698752,-100.9701802162025,-21.408749954262074,0
34.27775063616488,-115.93301146849723,-22.377863606150537,0
42.94021751988005,-118.87197789826776,4.393571291555044,0
37.086703695839844,-124.77441213819814,-12.502791297803663,0
-19.905617461455574,-41.03854156703496,5.425767947300043,0
-14.30505030771532,-49.26856617272359,4.028459804951911,0
36.458044153003755,-116.48614344528734,29.724601786424927,0
