x,y,z,Frame
66.62103698999783,-66.7682137460765,-70.60999599874185,0
4.26353203481082,-20.145723747522776,-36.4188242905458,0
6.382558126910321,-16.456697159055608,-37.32021831978341,0
17.683291321986825,-7.307970667460692,-29.633667683054316,0
20.90992331825477,-11.595742515070848,-19.26718644332531,0
7.397435659266735,-31.580980967461166,-14.304235496755046,0
57.498500009084644,-17.298801807503516,-6.209076661951273,0
54.26941828664202,-7.07063805505955,-24.311318707408873,0
55.31836801118204,-40.463554120666174,-63.15514717991642,0
73.26356217539332,-80.65001318048107,-35.17663497994615,0
54.34035187702032,-91.54467394129382,-58.490231943008396,0
66.76863009270653,-59.5229584254933,-12.503293566823388,0
79.55565890380439,-61.29333025986552,-49.898968125137564,0
76.03594182008307,-34.94268772607884,-38.922617401872735,0
53.885447689273455,-71.8995214660279,-75.2808366460932,0
41.522161285772654,-49.005165442528515,-64.31214581657551,0
42.843179904472514,-4.441051843289535,-44.985501191586486,0
56.98589815969898,-92.58554941454511,-46.74560750509884,0
75.87844957754163,-64.69899166010711,-60.238029623498754,0
67.82569087832655,-34.63713312986361,-54.36668293622282,0
16.647554549847946,-32.38721137186545,-6.45206174659377,0
6.597628119268892,-29.77617320453776,-27.78017611030481,0
7.2902671211909915,-34.31510846732589,-13.478728997621056,0
17.513477225522458,-37.67262126692419,-0.1914604495880338,0
-6.619101385533103,-33.58948676419485,-16.53080314486989,0
0.3182813642994094,-32.87529749303058,-4.4810014597796535,0
10.21579652478038,-35.92059276873294,3.6656288921087476,0
9.314922506838851,-44.17446316591167,3.554069880159876,0
-7.434042526666646,-39.85306122608587,-12.002545377066205,0
-2.3303161234923477,-40.744018899280306,-25.601965381174004,0
16.223249410171427,-46.2202087795365,-3.6210214385132145,0
0.45908200642802754,-47.58676366128025,-16.816222165975898,0
25.600746318290106,-23.369050229918518,2.6327469175092357,0
49.83495848759928,-37.68884429683379,5.6909539561824065,0
-0.535799564456945,-48.740080009525876,-8.942616969505114,0
70.3382627723823,-18.4806362389281,-32.32107410879019,0
27.706005247362743,-37.773902080638,-63.81852846120931,0
57.636574546378775,-16.4901775465818,-49.53417057816002,0
60.026918782486256,-48.48830403953662,-3.8886562249961933,0
60.604509171075144,-54.42328795711401,-64.61860421699684,0
70.65153811678674,-72.13715674249133,-25.124767328736784,0
79.43539129906938,-49.48890841502005,-45.25102185609161,0
48.393676311039876,-59.675577912633095,-69.2266412862898,0
71.4191956109228,-48.36702328498082,-56.78544970746079,0
14.606629625485544,-29.933940977404745,-64.77839767666322,0
7.001890082587323,-33.29256581790855,-31.628499695214863,0
9.782281866314243,-30.3840516684525,-54.603538437742976,0
42.83018762426639,-49.90357127224855,4.432770810690226,0
26.3983453925307,-46.5727390391137,-0.9662438400412482,0
12.016684323968581,-11.477977950319083,-35.090371564592665,0
80.48600896788787,-70.33709762213736,-43.178033319266376,0
76.16391913203546,-46.554562812919826,-24.562415061523485,0
28.86029114951273,-12.45868159341537,-2.9378447293870398,0
55.59906883375713,-86.49673154503628,-71.02186001721036,0
70.23135860738849,-82.82600675949875,-73.28785201213886,0
69.531256054635,-32.25878799876321,-15.273255267405416,0
78.55383107582178,-59.645797178201285,-33.84506549138247,0
59.6882503076153,-90.14637741774322,-34.27986271952196,0
52.41397762471378,-75.38261478354417,-8.512974641442012,0
48.05074924989235,-63.82438596011973,3.5703667940966493,0
58.306309238790405,-81.71245188779774,-21.283748321637173,0
23.267179676205014,-29.0994835254813,1.9106426488430193,0
32.95467005454511,-37.81154843443901,3.5309988025820367,0
4.084052653491258,-26.00044954333447,-33.350843891871655,0
3.8625749010405652,-27.376083233366305,-41.72012680438523,0
45.567270704287566,-24.227368991853094,-62.04386513919933,0
30.3924004242607,-8.306776757797499,-55.27588374140908,0
70.89898856884473,-89.56643050905146,-48.59839802070219,0
66.92596001812679,-91.49464599227218,-55.90837879799056,0
79.01035329979892,-78.028114054513,-55.582230220526185,0
15.129135280819074,-39.64794087606347,-54.96725555994546,0
5.945184572305745,-40.44333868074691,-40.22127143852652,0
8.767474710554849,-38.846222731890215,-50.39511051543509,0
6.982969219888058,-37.69727380814155,-45.657080178089984,0
8.379958673708792,-47.227555371612894,-30.289029284150352,0
17.233341862723886,-48.89097333695714,-12.682483502632067,0
12.285781345596538,-50.94287409746668,-20.92295688306886,0
33.986967799972035,-59.706046720520085,-4.790007422838629,0
26.06400626755997,-50.583654032986836,-10.867059425820193,0
20.33961264624548,-53.8675345402451,-21.54265729944248,0
27.819680462270284,-58.27610542710955,-23.062576490253903,0
15.445752966590153,-50.103066837895206,-34.5571664176984,0
22.493968470689744,-55.35598621308496,-34.763997996287415,0
13.304467938983686,-46.23425702910187,-42.98368075181668,0
20.005722844490997,-48.35908112032913,-45.44382930583849,0
41.8591261820387,-84.2096645725128,-51.070641831056335,0
44.72645063170211,-71.08985172172272,-65.84434405644977,0
45.77158936401026,-88.29184885833826,-43.30078946698663,0
43.33358008252859,-77.74747718443096,-60.85924575015102,0
49.06143192155778,-87.54637924141964,-34.93089162982961,0
39.40980889549582,-63.95526818078691,-60.894144076688306,0
45.81899990555265,-84.89532834942824,-29.01311609319486,0
38.079727093809964,-82.26926418049105,-37.74029429800088,0
35.862837045807126,-77.85878668600701,-46.910982410000194,0
37.033243860175965,-71.12639261108876,-54.489489173684404,0
34.08818664923119,-54.18177690670236,-56.92035202970242,0
31.332773641058846,-70.13603710768392,-42.234995619717324,0
32.2530952446915,-76.27798311584868,-31.836790142116662,0
39.35628241988953,-79.49093093836821,-16.568602093429984,0
31.56592164350389,-63.07692958052458,-49.914509504553614,0
35.426724432722885,-69.63082392687109,-8.548135826393814,0
29.21069518896974,-69.03420493755763,-25.135797738388973,0
27.312863040878785,-63.031998404503845,-39.02291999671198,0
27.349947122048214,-55.11189331620404,-46.708136615275066,0
25.942748898814898,-45.21970944124257,-54.88735054421245,0
38.17929212603419,-92.16190559460622,-33.19028374153622,0
-14.081175940690894,-47.90439247055092,-30.54758319967349,0
-30.143210946098836,-44.4586895477869,-62.23445151803064,0
-6.920316636426316,-35.02525062434781,-58.4570659938614,0
-32.29179903367853,-58.081914299532265,-70.6872811538156,0
28.4692668430427,-87.83472366690265,-11.176135282918333,0
17.21739984208735,-85.31646940643462,-76.65472400538117,0
0.19916667827863957,-34.63765895833775,-58.96733868333981,0
13.684539595106635,-92.19560380558043,-19.34946806312417,0
-3.0624209902011708,-37.09281335604067,-42.57459907542615,0
0.25099984859500146,-68.41175499005836,36.88041708082196,0
27.084577027130592,-62.977535864863974,34.53546961411004,0
14.05880664469942,-54.56509693609393,22.819362503525372,0
-9.407389309557384,-41.72442931306834,-33.67722185354362,0
-20.204298432232605,-75.37702412695118,9.564017803952423,0
18.908083988890056,-84.23790470817401,17.252857281360576,0
-30.50955293115772,-57.995069458367844,-37.91507665862708,0
36.42821321804581,-93.85564749586,-45.28027565647244,0
-19.9959490546799,-52.546234553446105,-31.437335169805,0
-2.3006434707413295,-58.240246650833086,27.010479435187584,0
4.413634968015144,-54.76120629741036,22.038906626385263,0
-18.287417339096603,-64.89102838316344,-11.856001146663573,0
-1.5745552025366265,-87.34750344657087,8.121603948542685,0
-5.260121309792097,-63.96781833487957,31.6541372075381,0
13.832843232515572,-69.94449453188551,38.884837575151465,0
23.006172903401644,-53.01577284896695,24.45125060128679,0
-20.20167566028239,-70.48014145169435,-76.01114758485458,0
23.748077702925542,-86.30352043672748,5.143907143042763,0
5.821248959040293,-93.52593439785679,-4.074084864230483,0
-17.315860252709868,-91.4708151352835,-35.961316747667894,0
34.378312474571814,-88.5719985913752,-23.010366923360667,0
23.16776357523973,-93.5355682620253,-31.002793323794748,0
-7.317812949751806,-76.64917181063498,-78.49413062392071,0
24.52500716263935,-94.51934906581471,-56.36850478173462,0
11.647120880293281,-95.2676483976236,-50.98559752987824,0
8.266713153624313,-80.96055348463648,-77.00122689880064,0
-1.0500736017433978,-38.407989768809635,-38.956511036298856,0
29.464252921589374,-52.230815294346314,-68.41014371307888,0
37.46245687453855,-63.0401444434261,-71.46789442167794,0
16.31728607366618,-42.85641412220903,-67.17934338709463,0
5.698918423154363,-35.231699297733776,-65.24717938662295,0
43.85529938005802,-77.44263137378348,-75.73732312013183,0
-3.878787694089951,-93.62741697098399,-43.804946928609695,0
-6.596432711142177,-45.4735663991244,-27.04780185377463,0
-4.880360519547672,-54.054661089110695,-15.943390981262105,0
49.22816211161319,-91.70464747245138,-34.92320115656366,0
-40.77726670109833,-75.34095455196535,-52.7853037700177,0
41.40843009622806,-81.40507810114373,-8.499127272293693,0
-36.53946061385428,-52.987803099292975,-50.14817001957497,0
44.8229186763384,-90.0018679642822,-57.50340077414226,0
47.61702620632848,-93.66632207634466,-43.33938472413897,0
-27.578778061964456,-83.74093724167975,-60.340048080639264,0
35.53291902600649,-72.44474247019461,2.7826545106968963,0
4.428596743875747,-91.04532809148868,-69.67382095913904,0
46.3559876021317,-86.37913898146402,-21.876158371153696,0
18.582685721229087,-91.98266097571555,-71.19078437593454,0
5.552123631825077,-56.08398787747728,-4.668415187782623,0
-15.02152020233644,-90.2318242140201,-67.04557243788854,0
49.10580115714116,-86.43801116882182,-71.86997971609257,0
21.388387576883083,-51.4199266458704,5.828272131990051,0
35.95577753356884,-62.51429473989208,17.219745751452876,0
-2.7537263926399707,-33.902405838157726,-50.920455610292876,0
-0.17793856092765187,-34.391715865121,-49.408137793621925,0
4.9231960585035415,-42.64996425655275,-53.65564023347942,0
2.1207744814712512,-44.425451787166594,-42.42642343130781,0
8.86967976469798,-45.097151378802586,-58.26498068020849,0
1.1790219497582526,-41.50685903696698,-49.46612905136654,0
3.5069750550623384,-50.718692427366456,-29.95997108586616,0
4.666734804895389,-58.78199298078366,-19.191789101079994,0
8.75814220464399,-60.25364873533654,-9.298880654926103,0
17.23806865929939,-61.807306410742804,-5.346332683702637,0
25.369432335382992,-67.04268846758714,-3.840889204180412,0
12.928719471215118,-60.977048254933365,-21.398844530334394,0
19.132461564594823,-66.68168249130414,-21.831088857249714,0
9.53875090429016,-54.84036414299654,-34.54872121315711,0
13.461017381521305,-60.93483631988561,-37.498352329011965,0
7.121704349303994,-49.923055186678326,-43.80082834421409,0
12.822937920873192,-55.020700353935744,-47.388560698866335,0
39.58578998066791,-74.36426695529204,-65.03953080216223,0
40.29337048268746,-89.0456117704535,-36.46979420011609,0
35.76006372489418,-83.95480528607683,-52.00340956212486,0
38.55939780446196,-90.10000829533683,-43.205196792548996,0
38.57168625046833,-79.3616242405228,-61.354027104860336,0
33.17145142242752,-68.44219140149761,-63.64263217396668,0
37.18590881654305,-86.95512819496784,-29.881422770135284,0
31.17801315506321,-75.40076196135674,-57.075179106710735,0
29.9252574604217,-80.77657851884027,-48.07982939612771,0
32.493940707567894,-84.33756863678786,-38.98463866366862,0
26.087737226744864,-60.9454014621567,-60.83602488363092,0
24.031278893526295,-75.33590296234135,-43.80717544829068,0
26.783285315155496,-79.09292292212301,-32.48931016894288,0
32.930848282111114,-82.28475490255158,-17.657035764319765,0
25.353435240550798,-68.98542066613092,-52.72699596474454,0
29.54911724822166,-75.9234247100772,-8.878542674901109,0
22.411996804986305,-74.15677187431277,-25.414711869944643,0
17.77198776779273,-69.59944302428836,-39.50480099369734,0
18.289964978273694,-62.361093436000935,-49.85277777380941,0
16.962570782741313,-52.17718231255052,-59.75965546519003,0
-13.314715749013082,-67.22285818183919,7.038939502982327,0
11.966295990972947,-78.29041019038407,27.720554590591917,0
31.863541797129457,-63.401659021983626,25.549773990963615,0
11.710390557121464,-55.94810209708197,9.438549262749474,0
-6.9841167757812865,-80.80954548381911,24.91116611548961,0
23.05385538831917,-55.59244460171814,15.735046486655511,0
3.7103354228372316,-92.36436913471123,-29.967277104409387,0
15.929704086228616,-94.66843780029134,-40.11893122381961,0
-8.707616363251713,-92.8928165589453,-18.27771114185358,0
26.57593466631941,-95.24599333324167,-45.65880657305648,0
-18.82787055824104,-85.5709550536864,-5.066568702350507,0
-33.67077638660699,-83.60932747762291,-24.826672274023434,0
-42.60448074591801,-67.37490346244435,-46.460795607941826,0
-34.42339447103056,-50.59337206093935,-65.39475559400287,0
-11.071423151540019,-47.414959951792845,-70.65231689982744,0
13.218967258958475,-62.9015048012279,-73.50467517752186,0
-0.3775010937581565,-54.49931275381386,-71.55402564944919,0
22.735455180125182,-72.20413617664073,-74.36994470214174,0
-21.71354900123342,-38.23513081245117,-63.34871078731132,0
31.264042300475133,-82.62583627740284,-78.39241682119953,0
34.668813576166336,-90.13197108567034,-71.86041382000641,0
36.80920831344347,-90.83088711719401,-57.958734715635174,0
-18.61366985185194,-42.505815689619034,-66.49531634514149,0
-35.934536901378515,-76.70410298736272,-18.8836337195852,0
28.977024104086016,-93.52603347359619,-37.873039798951226,0
-2.258938268307674,-59.49148239339747,3.12763195030338,0
55.99775562811515,-35.900832974806086,-69.51588356652292,0
72.35999252160865,-58.84231202689184,-4.421903396517851,0
83.19891748105502,-28.074611646554956,-36.78663797818482,0
42.08255152467863,-44.199194331307524,-72.15835529473796,0
70.38658180104896,-26.022009054246826,-59.391673229479565,0
77.15277721393713,-13.641207129166949,-30.448990119536138,0
29.242423847850535,-32.73558625385127,-70.58905872925722,0
61.59802564899641,-9.060448172603017,-53.86404988223419,0
65.55646386617579,-46.61659936305958,3.1571227141361984,0
59.45130957499217,-48.4792872369368,-69.68397755092121,0
76.30366626028056,-69.8864055600506,-20.656319138779246,0
86.37181786249411,-42.306687737622305,-42.91984864228461,0
48.11543351978572,-54.774335872199906,-74.03824664522924,0
75.39717293051592,-40.489570728915645,-61.35410849188126,0
82.90068754666754,-43.79739140954445,-20.004692383538757,0
76.76454239789861,-27.28497377543952,-8.623217955392782,0
85.34193198707996,-57.32754593414831,-28.719745913660887,0
46.19978804090728,-18.49890666248569,-69.26386350201508,0
67.2159140579635,-63.06386970952329,-75.90207850986374,0
79.5053442215221,-79.83219098405871,-32.95843863014212,0
83.47148206293328,-56.58587726767734,-48.23924961964877,0
55.02706541797405,-68.22618079621371,-79.33478901242037,0
78.95492379986179,-60.445839814826435,-64.5586484156396,0
86.61057810672062,-68.66851671314816,-41.87920767735011,0
61.62978315226417,-89.3885761029213,-79.22189632102682,0
74.7390069624924,-84.4923576302606,-74.99287453519864,0
79.93247612253084,-90.60098708842601,-47.10932336804999,0
72.88259600394001,-92.43574773333975,-58.05188752779934,0
84.93143000240907,-78.9683129969267,-58.44974466547493,0
66.42943490726644,-91.53762989897558,-29.64321754364113,0
56.33767974681615,-73.46554243345935,0.04268033302854618,0
53.02971585699954,-63.229541525005914,9.854478454174888,0
63.342995674772915,-81.9430023479135,-14.007001885919802,0
39.040536901561104,-93.21165359576143,-32.00846272045823,0
29.188572779989855,-89.57877182942899,-7.9440295320616245,0
16.57593293144625,-84.8459066075,-79.21476933936643,0
12.006644853937692,-94.37235029238506,-17.507953757062943,0
37.15275094945528,-95.30381895785611,-44.68219121606581,0
-23.108038589254747,-69.80570094605342,-79.93889103356953,0
24.58988846076557,-89.6102524769096,9.026653007682828,0
4.018493797753963,-95.88862323578468,-1.7103574378746085,0
-19.936813376471036,-94.94813900751492,-34.852292420420014,0
34.94740294657408,-89.45014139718751,-19.99883123470592,0
21.56538343313047,-95.25405192524794,-29.561982516927575,0
-10.023084690122387,-75.18925308817123,-82.89124948363569,0
22.2951302641222,-97.89358039570557,-55.76346025191439,0
9.408585823167467,-97.75606192857812,-49.639294125028755,0
5.753634466470974,-80.07648007899714,-80.62463488438942,0
28.40822133810097,-50.45578716941977,-69.6748436402134,0
36.100156234393936,-62.055525178815536,-72.71133586133732,0
15.61023371689574,-42.465034645449514,-67.72190203171601,0
43.25592315585849,-77.93363144990575,-78.72248950168478,0
-6.083661949734299,-96.58760477434399,-43.61665531536757,0
41.674123810695384,-82.01723257958191,-6.356059522876571,0
-30.65544120790049,-84.72295670051655,-61.942735496227144,0
35.95838594117481,-73.47114822315699,5.339231931210548,0
1.0526258208784236,-93.6874768753064,-71.64871767706066,0
47.04622841890123,-87.48896383796617,-19.201182995353395,0
15.934254602892675,-94.01788713732319,-73.17948092125421,0
-18.711752909738653,-92.30306645331375,-68.39665488828756,0
45.13561934764456,-90.1986104548238,-57.2095427576214,0
49.83076621436419,-89.28079773542203,-74.3267578426053,0
-15.098726930512978,-47.12980558058589,-29.67210523481043,0
7.378873848797584,-30.929033894767564,-11.9272634198843,0
17.76981405125675,-31.582852758464135,-3.45266843740442,0
6.586334307651703,-29.772895550000634,-27.809296386846558,0
-3.19983302165898,-35.87850843594969,-41.475598586958355,0
5.1132110342433315,-32.21822818290584,-10.579993851882488,0
16.654801860616764,-37.02736737603226,3.2933936839558537,0
13.687075475167156,-52.76877900158993,21.00587512198817,0
-9.922852037346647,-41.342749039068046,-31.979026601016916,0
-7.2961335713746305,-31.050640197648736,-19.97989103521222,0
1.6332679824497036,-30.961813172000365,-5.356431922292654,0
11.873568817193599,-35.79614964874148,6.489424686357709,0
11.06892864335151,-45.7375179469857,6.006087429063588,0
-10.204961476391134,-41.05185509516062,-12.988349846461352,0
-5.826795203344979,-40.66500007701181,-24.800928874322636,0
16.27900614571001,-46.77626780105257,-1.8446925815950657,0
-0.506402307331258,-49.99351835178319,-13.0299209336845,0
-21.27028939210733,-51.65613135647349,-29.925310187575622,0
-3.9372855579578943,-57.29915257289092,25.174692528678165,0
4.1304939814715,-53.33288109431644,21.182037659584317,0
-20.062806447841204,-64.0795155120991,-11.047824789645057,0
25.44176580734864,-52.46181096133437,23.06464170340947,0
-3.3900996419249476,-50.79809609337567,-8.98901750758149,0
2.254414289896455,-33.26872761700219,-29.98428082725371,0
-0.753831137453756,-36.6950917283035,-38.31563968783735,0
-7.649394201910051,-44.082702317515505,-26.203289928295657,0
-5.48347140524767,-52.43709326267769,-14.300367968304887,0
26.775820464326948,-45.367357441135475,6.554995856788507,0
5.031179752075201,-55.04373051122547,-2.1908293382890673,0
22.67174774429663,-50.442436682298435,9.421765965546157,0
21.791776496898915,-28.31689896208485,7.873599464035436,0
30.611725589500683,-36.82922233950575,10.540105499460937,0
3.7971310334860293,-25.471751055557753,-34.93870818307922,0
-2.050957979525329,-32.173473127820245,-50.66433890574314,0
1.793111487588367,-28.015525551536697,-44.89720396876089,0
-0.5008644910743424,-32.18754835757257,-50.05613844343134,0
-6.949276167656085,-33.24880464262377,-58.895746338545564,0
5.59142950821743,-18.438979507205165,-38.16419975536844,0
0.36350893774365484,-33.339135348365204,-60.86075019769914,0
5.779806216925416,-25.600403335240223,-58.58285628659126,0
29.908949633030158,-63.537128066308476,34.05290737464895,0
29.560978656498925,-24.13912899517576,9.773121584327473,0
55.795369371500435,-34.174376324650645,13.685495166947735,0
45.891765751608936,-49.76181166834446,16.588111007046688,0
39.43198389661239,-61.04451071957498,20.094051514074213,0
6.969035682116721,-12.620677606620426,-42.249253505606454,0
21.67816816555064,-2.490667904198813,-30.616373741408932,0
24.912325151076992,-5.898468744063884,-16.15526442927268,0
63.05781139939726,-13.291674725744258,-1.4138855724641974,0
62.18411246741531,0.4134968537914692,-23.448767496073714,0
47.9394483436272,3.113555830899678,-48.68002608064672,0
14.73201533346694,-21.727612759995402,-69.79505096642686,0
12.163889570079789,-5.166117306738337,-41.42556962819247,0
35.26428085508429,-2.4671965730648475,0.9571899770783506,0
31.263675439315623,-1.854004146046468,-61.830797426635606,0
-33.444450029919174,-43.74322985957817,-64.50927257354088,0
-35.293852618962376,-57.40143625442924,-74.41387398034985,0
-38.95877383108856,-77.68893113896482,-16.32436291102755,0
-32.9894440867486,-57.655283304386614,-35.707433538849294,0
4.959422113075756,-34.321844809367036,-66.0180175188376,0
-44.5084728792145,-76.81617580712499,-53.69331297769503,0
-39.17158564557319,-52.25119116149155,-49.42977923196398,0
0.33296660742941403,-70.55139931788065,39.10984082414729,0
18.036456702682074,-87.64741803265686,21.38246333927193,0
-3.5378736110354447,-89.51514847892712,9.581643624558444,0
-7.720253198168873,-63.98212038555426,31.415982915040985,0
14.881032045643853,-71.8583443454599,40.834282244648506,0
-14.705642845220662,-66.09251454940369,6.1788337762378225,0
10.320190202079791,-55.25150712538895,6.955947044496139,0
-2.495260847343036,-57.71695691916026,2.468461937238241,0
23.98058666197758,-54.041102612300975,15.588205925368753,0
11.22920039650988,-81.68139030777724,31.170857745792844,0
36.05532020456264,-63.355067175901134,27.578415364545155,0
-8.208098812908828,-82.58014465137914,26.989951880623977,0
-23.24946903226137,-77.46851118687694,10.395028377957068,0
-37.38539438191308,-49.53776643574249,-67.78019466744537,0
-45.98239756884319,-67.05238249682668,-45.50177181056677,0
-37.49934875094907,-87.23618130910751,-22.798677502589815,0
-20.95093864988222,-88.0144472065012,-3.210371454370223,0
-10.308856197849568,-95.04715158501396,-16.960961950536728,0
1.9896336965423362,-94.43853303752965,-29.304526411361802,0
14.89029057103962,-96.39005676226951,-39.104356625436886,0
49.06217296341697,-95.19584529775355,-43.49587255338606,0
25.091621446394832,-97.38278609009775,-45.199189210112436,0
63.784073009402455,-96.74928379441864,-43.72195342170306,0
58.76234104935722,-97.57217838042715,-58.84334155132397,0
50.0398654691011,-92.28696273698336,-30.113180976148506,0
-2.1695729460227486,-52.75474364327044,-74.99847279721486,0
-13.351853491045961,-45.46354895883739,-75.38812408429173,0
11.516369535116027,-62.07618178976648,-75.93544743735275,0
21.186739036040613,-70.7443580773403,-76.78720930196863,0
30.92599396331162,-82.84466705308978,-80.54844548250153,0
36.42053302650348,-92.25751445145129,-57.81753476976647,0
33.057978102527784,-92.39761710774563,-73.88358760267751,0
-22.52646022710337,-37.118542311004305,-65.52111281325111,0
-20.020714760859164,-40.940835873997884,-69.26854211939536,0
27.852372553618018,-95.57547767803415,-37.04048872027271,0
