x,y,z,Frame
87.4750475466543,-72.14865627815266,-102.53355650753375,0
30.020385359150918,-16.731017849489433,-75.98118694055636,0
31.872233453515065,-13.95057385568293,-77.44161560284314,0
45.49094903244661,0.7700279661610608,-76.18959763622159,0
50.9820440543378,2.734606652959978,-64.48139895618645,0
31.932250383107323,-25.654409822299336,-57.26003957026153,0
76.82012780435774,-9.095179927314724,-48.66008076303139,0
74.43188835616803,-0.6302535384882131,-66.95822696165402,0
74.88143746703423,-41.66809030068915,-93.48523788621942,0
88.88507748978624,-74.84789221108119,-67.883687155499,0
72.48604890421281,-96.35339814807678,-86.5894484273076,0
88.37885187423791,-52.79659478558927,-48.637317608941,0
94.51354488180972,-62.78030603518117,-82.06385144621115,0
94.45664072750537,-33.54577924573652,-76.325579470643,0
72.45251471981324,-78.67298371733025,-111.09481582483913,0
65.6496823103986,-49.8284527813967,-93.91523810888077,0
65.09012645502838,-1.6373163598971436,-84.90409863467639,0
76.00334024122039,-93.11211412928269,-74.09908190918912,0
92.24735586149147,-68.11388561116925,-91.69746775177764,0
85.17076397868621,-36.522887668988055,-87.60245359690991,0
39.43616615616976,-18.10609611864006,-51.03684054992922,0
28.27446216529128,-24.619139977873346,-65.73020738928922,0
32.044999981510294,-29.149936562085987,-56.499308107739125,0
41.34900255620213,-27.049566553714595,-44.82492090377602,0
20.546178164607092,-35.23741672647874,-59.84773391201136,0
28.38004218088135,-32.63996092380207,-51.85767320232407,0
36.74392857596845,-30.426546618821234,-43.82340138274773,0
36.006846825805624,-39.1207763956624,-41.14268483355406,0
21.57004438780083,-40.6156896926897,-54.69208051466401,0
21.365518535809453,-36.1145642723436,-60.23985623428122,0
39.247996415853095,-35.90440690511795,-43.506809587811645,0
25.57701898115017,-41.78508757794861,-53.49068223438603,0
48.23710902742558,-9.166180996874026,-45.19331666106514,0
67.96733637788822,-21.75857513509691,-33.22238368385088,0
26.587617224577617,-44.30724313604896,-48.6368328878267,0
84.25621823507356,-20.98162625675838,-71.22154366563132,0
55.458965205647864,-37.19810499482557,-87.65469528043806,0
74.62732769903012,-22.802464439478197,-81.96689632030109,0
81.4934636677949,-38.08633137500572,-41.00244151250618,0
80.71464626859735,-57.48705835325182,-97.79540498668571,0
88.77928286761701,-64.92620832460547,-58.33634832186569,0
93.96482273868155,-51.00448004968964,-79.18749467394409,0
69.87032771351582,-63.697429822368505,-104.01609872813246,0
87.8674815280364,-52.20715492426963,-88.7012192938752,0
41.480605983934836,-27.78068937787278,-93.05074612780871,0
27.77209556485144,-28.057073390755065,-67.07479975545034,0
33.62133064907415,-26.172552867195172,-87.46562744089852,0
61.349186434619405,-35.285028131694126,-34.10143451000334,0
46.84905312550802,-34.82528461588105,-40.577162029723425,0
37.54029321061826,-8.64202558249223,-77.7803668640721,0
94.8017026688016,-69.61840029626165,-74.83258425947183,0
94.98838320382825,-41.56764371253341,-61.148452859996155,0
51.3340547419353,-2.822425039388096,-50.24707046727142,0
72.8252715826238,-93.29224173203175,-100.00323938740283,0
88.24317648494706,-88.15236152811573,-100.13166718495499,0
86.91871929810999,-26.189822355016236,-55.59553773091284,0
94.12432981443123,-56.028640843155394,-68.18436352480131,0
78.31837761749134,-82.41870587189094,-65.45753351666843,0
71.8398871593296,-57.71574659781829,-48.2459684543321,0
66.91569673729252,-47.11303982457757,-37.86026164310925,0
77.00360181132964,-71.05977922542209,-54.99027509313705,0
45.3610885833745,-15.224238985667542,-45.14841434425044,0
52.376337922520975,-22.88635360350751,-38.620326566525385,0
27.604702759896735,-22.193080999778132,-71.32144557833337,0
26.863366531673403,-23.75082927235957,-77.370097214389,0
67.12936203335829,-29.2608937781814,-88.870733658074,0
54.416062258245695,-10.110639714655587,-91.97424487218088,0
88.27676789857232,-89.16643532065994,-76.10220031201432,0
85.55372485105963,-96.26647299701816,-83.61680295078872,0
96.46509178056598,-81.4024518211091,-84.98891854277883,0
43.86494433864733,-35.29384810664324,-82.72836226972156,0
30.128051941376846,-35.39809937654238,-73.3715175285688,0
35.9242280902359,-33.523330161824695,-81.19186403902528,0
30.027246379477017,-33.3527513976315,-78.14165948161062,0
32.06765784910877,-39.364193024483896,-64.39129016854694,0
40.727118238181504,-38.54367469729902,-50.52888248674191,0
36.19466221572247,-39.72969162054207,-56.762961842634645,0
54.40840046338892,-45.6312024930798,-43.252478441069236,0
47.33971550990788,-40.00940514471373,-47.693157550107095,0
42.70143684377153,-44.97362303057129,-56.70284913421999,0
49.29304615633387,-49.04222383391147,-57.20222042629742,0
40.287509372736984,-42.21452212361142,-67.36787272552084,0
46.929405738367514,-48.304419682617635,-67.09809792627735,0
39.33346837247614,-39.41158502485678,-74.44897857705469,0
46.21639562214715,-42.813380338645516,-75.98289709345269,0
60.074878528315864,-86.09032637534712,-80.09506193248028,0
63.89726036041406,-75.03869633022053,-99.32848794953934,0
65.1357290011787,-86.27210574599374,-72.18675158814172,0
58.340365275474056,-83.97591503345689,-93.88289825910435,0
69.67324080187582,-80.60496147670217,-65.50414824408362,0
60.80442813987926,-65.88840147060137,-93.70755109226951,0
67.14198784757004,-74.2421744805349,-61.07380511700278,0
60.720542794809774,-75.3319139375227,-68.8359132887128,0
57.71844490550155,-73.7762938549156,-77.299163209921,0
59.020934501602504,-69.63468211539724,-85.48827370402559,0
59.99607508560905,-52.81102636803458,-85.90361604135082,0
56.99273420884625,-63.858383896484966,-73.4588883188217,0
58.29333865789173,-65.23706389523868,-64.66452603344456,0
63.60118088886539,-61.75650473963911,-53.71332631158438,0
56.835955266045154,-59.20119908233177,-80.23890521573628,0
57.75700387943355,-53.535131692251916,-47.33094859063804,0
53.44616000751847,-57.05192690005561,-59.21748534092419,0
52.87089219600622,-55.379057839934184,-70.32321839364417,0
53.68338781120935,-50.41003802036151,-76.66189637985734,0
53.73738223988003,-41.970206834186236,-82.25921861380887,0
61.257000760504475,-84.61494117551642,-63.24308237760421,0
8.053239975028948,-41.54660084844865,-56.540799327648024,0
-4.1408530105167305,-41.827844999782705,-84.100856331606,0
17.967733441524377,-31.69516649485924,-86.75510200785305,0
3.6465170807024294,-55.30982542435802,-88.997504725717,0
50.83414172511482,-69.62323426246465,-46.11951882174815,0
49.4711125902226,-81.81062765282628,-97.88842163156916,0
25.424762296836896,-30.58240989018423,-89.07106250541749,0
38.79592275105738,-75.59371599614225,-50.56865773036885,0
19.821781259539094,-33.67923129635808,-72.87659825084627,0
27.12893931180991,-48.09348124071092,-8.952392970468036,0
45.07174442708307,-43.270322843078105,-11.178381247858697,0
36.56288250843671,-39.00379370820768,-22.9799639218256,0
13.43332814499833,-37.34659056926587,-62.66818160235664,0
12.717153591981981,-59.59474667557362,-29.758471932840628,0
41.144410285252704,-63.66191759833561,-19.223908510411356,0
-4.470315660257239,-49.02571312464417,-60.74031483238923,0
60.554127210434636,-90.7992721425898,-73.64507372471441,0
3.0147539960777756,-44.33499612477344,-55.372531013700694,0
24.710184541169003,-42.278651315714086,-18.829393085291496,0
29.217956496786908,-40.44731175295857,-23.130178659393962,0
11.468730705037359,-55.061630393263265,-44.898742967902066,0
23.761112114692377,-69.84202320755784,-25.501099952330065,0
23.32363974225676,-45.39966480171906,-15.086850508256878,0
35.9047257976129,-48.586542992206255,-5.904314974618365,0
43.14237160386689,-37.40372837339699,-21.775882533940596,0
14.446602639631319,-65.99560480054711,-92.88101407971334,0
45.395180943162075,-67.24809579576323,-30.864596757447707,0
31.33740152112192,-76.9826874442475,-35.97659765016907,0
13.410700555124244,-79.11291423898926,-61.35176763776951,0
56.892293787288985,-74.63442632647035,-56.469186505019216,0
48.671595321111376,-77.57057514206015,-61.77294076856726,0
29.059360173068743,-70.48948858607572,-92.41075942069025,0
53.42549214804354,-82.37696714472403,-82.37345506692152,0
42.36907826895339,-78.46831584838709,-76.30686849896756,0
42.25131247589316,-75.25542481171645,-95.61992434048165,0
22.02114234135884,-34.88155238894887,-70.77758541631646,0
56.30083509180671,-53.73919046498824,-98.28458616540219,0
61.456801647483616,-66.63914013336627,-105.15192404755848,0
45.38118406564676,-42.37041628598823,-93.26042070337911,0
33.50026589783282,-33.06472202107382,-93.89342864555557,0
64.20738481690744,-83.34922479146972,-107.76511777619203,0
25.298508712383427,-80.3838256218152,-67.66198768551976,0
17.323501374745636,-40.730998645321385,-59.46657441517137,0
20.37785920800801,-48.24681364654949,-50.64286268860073,0
70.37303314248929,-87.68819180208722,-64.38250084971115,0
-6.326908010964731,-65.86981302007906,-75.7787290804391,0
62.82683971937266,-64.80245992567855,-45.6935359222684,0
-10.843629656273812,-46.76990229822209,-70.51079380789913,0
66.26971770204459,-96.74147916956663,-86.26978854833865,0
69.46530555010791,-95.07744127648203,-71.29785045464192,0
4.465299801835831,-76.60010909152791,-81.17408286450484,0
56.15610252934309,-55.963278853486614,-35.07945812256823,0
38.33077164648863,-78.89376284877362,-88.00094361152316,0
67.3575805062273,-75.14226998642089,-55.158414310921295,0
50.88539499110094,-83.46501117814513,-93.33828794234637,0
30.451027636840983,-46.515181384477536,-42.543556872473694,0
20.364125991095563,-78.2933325436729,-85.42325737981463,0
68.434193227564,-94.71275543981106,-100.773603535445,0
43.28651097352537,-39.319282709775955,-35.55162605604182,0
54.77691192205353,-44.90980580967428,-24.2219304322728,0
20.890465798315873,-31.02595504007159,-81.35176849398844,0
23.406869954678022,-31.32109324811076,-80.760176116395,0
30.69034457188283,-39.669397268720964,-83.33228299103928,0
25.6892211258695,-40.31801180633523,-73.55964696435753,0
36.1101388915716,-43.10184686766959,-86.51894147756217,0
26.046318165453204,-38.202376588863615,-79.7716508140207,0
26.88676625447717,-44.29146496925585,-63.339854077953404,0
28.26253466791675,-48.87140202731923,-53.74908575274002,0
32.96323540141823,-47.43428914890019,-46.51935310063616,0
40.037353031354876,-48.594240236136045,-43.0876479753341,0
46.927156498679054,-52.632096557557524,-40.61286357565717,0
36.3255247996941,-50.89952874624945,-55.512444144273964,0
42.02753631227309,-56.505547279856934,-55.54637297676145,0
33.77214687369194,-47.83202619041743,-66.60550947574498,0
38.938565806504975,-54.116512739301996,-68.68094860974848,0
32.01375872851285,-45.458960522192534,-74.67834138168041,0
39.01470811574025,-50.43771018230285,-76.90998241140964,0
57.80389575508948,-80.29832495884976,-97.80082527135998,0
62.104765628208725,-84.7304208549304,-66.48272140147748,0
54.93191826824307,-87.8537749325611,-82.29988422322806,0
60.24178605631003,-88.52715563337394,-72.22289660174029,0
56.79849465583666,-85.85636992141777,-92.86409131544464,0
54.91551966670261,-71.52975060436934,-96.28670360988056,0
60.416132411979675,-77.78866397526926,-61.51904594500484,0
51.649288090017514,-77.4708790645118,-87.91298025378507,0
51.30296859059914,-80.31875035378862,-78.4388035161351,0
55.40925718364041,-79.38142235931446,-69.41772530747573,0
52.48712232501276,-60.51217991339178,-90.11385876908015,0
49.41934429339827,-69.67909494004537,-74.0783134648319,0
52.43982920999158,-69.75759725968047,-64.38539530621172,0
57.29057072901203,-67.52793481628471,-52.41969545392074,0
50.60944035825143,-66.53959834578959,-82.95027762344861,0
52.322239362575935,-60.23640126449529,-45.32655531052943,0
46.90621752057121,-62.822017110780585,-58.2123630259665,0
43.94857294476451,-61.75951739363724,-69.74953925225431,0
45.12636221784044,-57.80488502435404,-78.68228048559959,0
44.303134923466125,-50.86669641969129,-87.77242208410735,0
16.66701801914494,-54.6505037780094,-31.48879162764314,0
35.699059417859544,-59.10328066212144,-10.724962547106205,0
49.519855488186366,-45.54043121499988,-18.05294109659165,0
35.245694204909434,-43.75373975886389,-32.161871034864674,0
21.77977516996819,-61.80186656704479,-14.187681163653298,0
43.92520814172628,-41.474253183492024,-27.220804063337393,0
31.690746382062187,-78.55565242908956,-58.25853680439973,0
44.16031609157771,-78.53754881459581,-68.18872236134824,0
19.553215789892665,-79.01570799326828,-47.35997151597983,0
53.62148785272629,-82.71372930148037,-73.70450221675704,0
10.708932565645924,-69.15740285890183,-38.35644980832148,0
0.8006540305402158,-68.23526478493413,-53.54510540798899,0
-8.936314685255303,-58.16023727214999,-68.48871465028449,0
-3.260275715534338,-47.65979612308026,-86.4006805305101,0
20.154898849838798,-45.5115121437878,-92.61593136336998,0
42.74705839584521,-63.044489560109916,-97.67282448142147,0
31.749895795537746,-53.6802433387931,-90.00334619406264,0
50.69896560765724,-72.13219786737093,-100.13794795375891,0
4.742789482749296,-36.17697616496762,-88.32542888511601,0
57.82670654172637,-84.13664768457996,-103.8032159896647,0
59.99764660897913,-92.25510941725572,-97.30875300527421,0
61.219501937989094,-92.1644298453115,-85.92585861008924,0
10.426968847589889,-40.03773493660132,-91.27988699251156,0
-0.3502997394802867,-62.54566172953338,-50.500864650121,0
54.053440354057926,-81.77121554986317,-67.24971986943375,0
24.882029879734567,-49.90886369360433,-35.75992982688759,0
76.0880290995792,-38.36634980336815,-103.47587354075975,0
93.91348721672964,-51.58244405387656,-42.373740873465046,0
101.1020194126277,-27.87887064382874,-76.54401379280215,0
65.7904365273692,-46.266147166240344,-103.26874689930338,0
90.46959659183142,-30.47957585588293,-95.35186362681222,0
90.76240222664038,-15.864659952159633,-71.85132645324983,0
56.1105612264192,-33.96763889844298,-97.73684704372668,0
78.88627606410695,-15.3658567048025,-88.70712365817751,0
84.79911724493508,-35.21211039372211,-34.36933202448411,0
82.49701211028066,-53.610758111006774,-105.39449623983108,0
94.67101274575764,-63.96082948659767,-53.28568902515398,0
101.14087532950023,-44.77822765998932,-78.88178249769503,0
72.06616719929397,-60.20367298682403,-109.93775421516341,0
93.2204805005116,-46.844433897273284,-96.09808870303277,0
101.1274503407456,-38.71247025203038,-57.618144647938344,0
91.8785480447689,-22.044976223586318,-51.72198977360924,0
102.58715149947255,-54.60815028071953,-64.36015061308238,0
68.67020484970104,-26.03351148891627,-97.34896275502345,0
88.43478649456728,-69.0855320571815,-108.63155035416395,0
96.48623967768684,-78.27127132906705,-63.89193871320614,0
98.8393247218187,-59.80070112999618,-81.55909656666661,0
76.16621517961022,-76.55845267823483,-118.61401959570087,0
97.6907903090082,-65.520903291093,-97.79964832918213,0
103.6276615249709,-69.89714158681787,-73.67488173779738,0
78.81312430585176,-97.85673221517375,-106.18803893861815,0
93.64282562098336,-91.5598407718688,-100.99334569270442,0
99.67618425402765,-93.68633291613193,-74.39276502710035,0
92.95158372429337,-99.24679219075718,-84.94573784717394,0
105.00062517193243,-85.87053514073811,-88.10581667916091,0
85.24034887645014,-86.68122793835956,-59.43392258296218,0
76.83878186351694,-58.753786547174194,-40.12197371060786,0
72.07351977937414,-47.2798909918551,-30.86001355572807,0
82.48938828195416,-70.78830270561632,-48.16230208495345,0
62.22924872714093,-86.55950802207532,-61.73593478931216,0
51.68442989830681,-71.38294947022824,-43.01580123210603,0
49.31033723876907,-82.65314474668591,-100.19363733283016,0
37.659666177364265,-77.94630420454149,-48.381598106690696,0
61.48105868944282,-93.94438957666397,-72.66567850265403,0
12.478961028432751,-65.9640548923544,-96.3132849670522,0
46.19187053588818,-69.75360989536453,-26.818346486218203,0
29.863983306765206,-79.39620882869335,-33.38858403274234,0
11.262425801717496,-82.07309220806216,-60.10382972622514,0
57.50293144892763,-75.37522544574908,-53.8972642653971,0
47.62360420386484,-79.25148641171407,-60.126698828374735,0
27.612572030378416,-70.18525098799172,-95.50748958737539,0
52.87565116838691,-84.37965442564126,-81.29230605387347,0
40.67773575098722,-80.2479428487928,-74.82851783440043,0
41.12886845722078,-75.17673990215665,-98.05500882974633,0
55.967237347195535,-52.856465864237364,-102.05238596335523,0
61.012372707365735,-66.4258713978175,-108.27278279809242,0
44.965173013498706,-42.02826207842368,-95.91879622740376,0
63.63000144027989,-84.59770425563003,-111.24086202293714,0
23.721957001272152,-83.0970414762385,-66.93911646021348,0
62.96630986190455,-65.86504649844142,-43.467534199785156,0
1.5069442227623588,-77.91285428065805,-82.34738628231628,0
56.68137176925913,-57.06952705520132,-32.698744078185506,0
36.276030925491526,-80.79986105640965,-88.47661528848039,0
68.29689978839552,-77.6508876503136,-52.50666338779036,0
49.68644065966824,-84.83363982562223,-94.04875322271243,0
17.525815543467306,-80.1483662127735,-86.22153569294014,0
68.14633246413284,-101.76929753491066,-86.13514056528993,0
69.40582728797352,-99.70005227117468,-102.46786777987458,0
7.172722415488365,-41.07287346328118,-55.88855020780543,0
31.560824286357214,-26.072990615673817,-56.70391091133924,0
40.370737439195544,-17.27730567851408,-50.22345906808745,0
26.77453812244163,-24.76630886757117,-66.0283994400636,0
19.568981240581305,-32.83406886289877,-72.54743585985584,0
30.968438079529864,-28.745997843942558,-55.817675858318324,0
41.11792659261795,-27.2205654094432,-42.77540973518243,0
36.27109384946348,-37.77551465973341,-24.816256097481425,0
13.106853860199704,-37.28766164327125,-61.62934568979423,0
19.125141419433806,-33.551330181845955,-63.06909650354654,0
28.912739228210704,-29.80126189144502,-53.18504732544955,0
38.36648696408746,-29.51253584452285,-41.8251184479397,0
37.29749692892834,-39.85551940362122,-38.60050119488145,0
18.919146154108702,-42.036310246205595,-54.51392884441054,0
19.313925402500317,-37.874015889498764,-60.427151687149,0
39.814124314917606,-37.12857041146026,-42.46194872023545,0
25.292949888341354,-44.08755478119671,-50.40114259459486,0
2.004114577622392,-43.772075373555296,-54.39163071271836,0
23.195989146930987,-41.99432639718566,-20.09558196821443,0
28.787536591643658,-39.463756249928444,-23.999972617309897,0
9.673210492401424,-54.13499335905701,-43.932575830562854,0
45.090813570466466,-37.171679078158455,-22.81172612188317,0
23.96224236193105,-46.9478106053561,-47.996884318661834,0
24.25485793045165,-30.26450601004175,-66.57206128851593,0
22.037501677129228,-33.404688733407895,-70.84413325927846,0
16.69911811221752,-40.21202833228552,-59.472557562531236,0
20.131171590868767,-47.61524520608051,-50.03021031797693,0
47.09151802097097,-32.8207351084918,-35.45095773053179,0
29.949128580920252,-45.578782074212924,-40.96428421730832,0
44.37559201654574,-38.02001988629301,-33.27774101944875,0
45.81107712186156,-14.777379557963053,-42.50616939562286,0
50.86345426741358,-21.59382750834628,-34.93446771825045,0
25.951250449629974,-21.61422376372952,-72.58553655623962,0
21.285302210913066,-29.452564592825752,-81.98970081483039,0
23.64977464754909,-24.719690947374986,-79.2367555453753,0
22.9360720299104,-29.419141011370044,-82.04697564901396,0
17.455169471746576,-29.94019185809596,-87.68962017445178,0
27.27181564111805,-14.034254943999388,-79.0914065359652,0
25.293485357618852,-29.11645243664097,-91.2471002246097,0
29.769100789285623,-21.92657831078343,-92.76861315456432,0
47.2566597255568,-43.725712724951315,-11.400450838579328,0
51.93869655999436,-8.213910156984081,-39.72293140032111,0
73.68908949430167,-16.85499783626798,-26.4807434066576,0
63.87966344153867,-32.892806133912636,-25.078256252857976,0
57.37852581627977,-43.18384221508457,-22.47088555773868,0
30.771574030670426,-9.65171042341411,-84.49370223063072,0
48.72768464511743,8.739643090159548,-77.88993488543076,0
51.953755385567675,10.686854232734234,-63.95372093250594,0
81.34268592134649,-3.980088305671261,-45.41012704398792,0
78.65268827597144,7.4630799078105285,-66.68845166726635,0
67.5669147310744,6.838743702288097,-88.92524050950495,0
40.43901979898717,-21.151678428256076,-101.32698532991417,0
37.345769101916524,-1.81239773978825,-86.38058336066612,0
57.867427900589384,4.9137400618938365,-48.916946930174824,0
54.62063402012853,-4.559400153472884,-100.1213754641671,0
-6.669000695338027,-41.565668635216774,-85.99734146789933,0
1.6268392807484298,-55.38298697895833,-91.96975552238912,0
-2.28525935392401,-62.73320190375109,-48.881607515152425,0
-6.415108088106814,-48.56229517802048,-59.1983655601678,0
32.654341288055996,-32.27626225352181,-95.80875224107915,0
-9.323901152539838,-66.96104799555405,-76.61175764633134,0
-13.904957117160404,-45.79826922070494,-69.46438113857803,0
27.15715167977416,-49.52552583730905,-6.499032388407854,0
40.64127306998366,-66.31251578057902,-14.333629881179078,0
22.15397096748804,-72.07041313701863,-23.509117094699814,0
21.592861816692164,-45.34511929881331,-15.525989954690251,0
36.64424266716215,-49.98327393037308,-3.445292246948043,0
15.29497985193508,-53.8430759993076,-32.08294884817776,0
34.1290370715071,-43.64130232565634,-34.14540637602153,0
24.316996389694186,-48.399612417721364,-36.412616931337105,0
44.70941814553838,-39.889653098096524,-27.796545458119795,0
35.293776147068456,-61.471766639484784,-6.84713665760165,0
52.531472525111205,-44.8925025650148,-16.357886753228332,0
20.820175920549605,-63.18891693861535,-11.784444735081076,0
10.651409580572418,-60.84565885794175,-29.099552107158313,0
-6.039788993033764,-47.005993153309326,-88.45692071410765,0
-12.05607611328296,-57.70172230925246,-67.38784580276783,0
-1.9088358037204962,-70.90030673474278,-51.78184660238398,0
8.837915858018563,-71.19395104240971,-36.32449307884259,0
18.335568830268873,-80.9547925399996,-45.74495138772498,0
30.45916632428946,-80.73469370669314,-57.17096479423811,0
43.799430255374894,-79.97390623844892,-66.98768808422884,0
71.4028759510286,-99.3152031532845,-70.65715098750701,0
53.324766645446786,-84.41412975297794,-72.93425989188472,0
83.2376185739808,-99.1848858407627,-69.39689047677102,0
77.88788811076186,-105.11186655070462,-85.7132742614093,0
71.60475875507562,-89.21345152557711,-59.45522203633316,0
30.839602887428093,-52.84294467325094,-92.75183548747387,0
18.672142228258725,-44.279064438390215,-97.17912926512332,0
41.885756408766994,-62.576420745714216,-100.01773521301868,0
50.167175977715814,-71.25257356124364,-102.28379661570995,0
58.306034273559725,-84.51678203349574,-105.48574570692894,0
61.40349152667034,-94.29405965264088,-85.46944204799641,0
59.91461197652551,-94.39931010507756,-98.13420967162273,0
4.158394594988884,-35.16353130437645,-90.66927858362652,0
9.657585533682937,-38.86415081006012,-94.21386882350936,0
53.67797194103602,-83.98261492729168,-66.17747964348484,0
