x,y,z,Frame
84.39520524691949,-78.12459484307853,-56.22011728845885,0
4.181287316260664,-38.67209480644079,-18.102703509514413,0
7.270800907651366,-35.1207483961369,-20.15233956884532,0
21.227134538758357,-24.13322164879235,-19.162576506161262,0
31.985084265515795,-25.001288211692646,-8.271618193282839,0
-1.3616727046169674,-53.253641886691746,5.2365265968616885,0
50.3020966744327,-37.74012498685641,4.519442821594985,0
46.89984532871326,-31.897631075788013,-8.642034552539451,0
63.60884986038748,-57.626815602189154,-43.28930025523593,0
90.62884961029027,-87.92676918465907,-24.57027301412824,0
80.25949166017232,-110.29289336259497,-47.369521061271605,0
77.86016541436803,-69.25930563968745,-1.7346103580126242,0
93.16556935133244,-72.353525385639,-37.120263814209345,0
79.20130654536152,-45.12379839559266,-23.588302666631495,0
75.00238894777053,-88.60364345173514,-63.695747963124944,0
53.82247576275407,-67.94707996824754,-45.575685005492794,0
37.73937565351925,-30.682550604748947,-20.388427614641298,0
83.43454597900984,-107.99290426039816,-34.72904140595419,0
91.26160219778254,-75.7555653204634,-47.48200120753055,0
70.91967041678805,-49.88137494846767,-37.55191270519729,0
16.902226962353176,-49.692038957727235,10.707013234901103,0
-1.263149428801263,-52.059403073333,-6.3002326844328325,0
-0.2104122111586685,-56.5245231870039,3.7354618149585095,0
20.47174843579473,-57.48400205903341,8.960630018658398,0
-5.979188669142487,-60.86903794860806,-4.173657503120842,0
-4.413822759547375,-55.458720892143674,8.63225960134619,0
9.775790311326654,-57.422453054607644,16.27195915447046,0
13.981921521797739,-70.6207734444879,15.903799630025958,0
-2.112024730689116,-71.78946638067565,-0.6641813262966745,0
-1.3721051129215056,-72.65595274343406,-4.107306584244671,0
21.432135194488286,-67.23955095680853,6.4754150978584235,0
4.381897099275026,-77.03146543670147,2.566272318645695,0
28.357634178882268,-39.803910059517094,11.59264442683339,0
49.70552667729843,-52.04277439997643,21.308057042319305,0
6.068054264567791,-80.95512801704605,7.363693024727519,0
66.5118217368286,-33.4631265160626,-17.24237940015448,0
36.85817794624269,-56.69240500885913,-38.664931871361574,0
53.83121903846156,-36.519930070521696,-29.54500448042952,0
67.11818534211413,-60.761534830539524,5.958118932885793,0
73.0587912752342,-71.52656196240571,-44.88212639837932,0
86.18589064266465,-80.09773385088285,-12.831317957104327,0
85.45775901708961,-61.80508009206719,-30.4094972871075,0
68.36975263529936,-78.16062780964496,-48.57370454250559,0
79.63557365275295,-63.96365423798851,-38.80666113603628,0
27.6179237399118,-53.9003191513917,-31.965972187779816,0
3.4880366829611185,-57.7131173165089,-9.604936503486654,0
20.106411167924254,-52.78417758591945,-24.302469417130713,0
46.525591906516944,-62.86834506940469,18.452834752675503,0
30.218802769834898,-65.81646598956985,10.634281748926597,0
14.20033434653315,-31.372315425243247,-21.418475689709418,0
92.82303806805419,-78.26090566982262,-31.966458374328436,0
82.61305243865897,-55.96596613646165,-13.396485611161276,0
34.12936293077938,-32.51773969908901,6.596079554015056,0
79.13227268147426,-104.71073910551156,-61.32567614566535,0
100.8864603155495,-95.18691357114122,-64.50084213483039,0
71.27765984709863,-44.44037769551977,-1.060112149568402,0
90.11089744808037,-69.43700428742555,-20.631750673809442,0
82.69048251170562,-97.56917361188911,-24.474665494597044,0
68.48613574126651,-83.69018963107199,-1.1165694140846394,0
56.81340515182138,-75.99495870873828,12.593494994418306,0
77.9116031587089,-91.7219495040069,-10.591066223906106,0
23.45473253180647,-44.46866380585345,14.586404633176688,0
36.900155759693334,-54.536699207717774,9.633197442568525,0
-0.7159467772442706,-46.8500359527237,-12.810191787070298,0
6.100035949829474,-51.0392141777963,-17.63443208872778,0
47.211700393413295,-43.68039592210275,-39.67554424587008,0
30.26514125128395,-37.82125328460214,-27.462137047193067,0
96.22892205717592,-95.98337779093242,-40.99828009200027,0
97.05958944076353,-104.39575446751822,-45.76283095985109,0
99.26946058776079,-88.11222449957855,-44.23489095944486,0
26.052350478636182,-59.54341359388997,-28.343396175252227,0
14.459844348455526,-63.83349322651101,-14.872149207273164,0
21.502358694442492,-57.656999878712334,-20.948650447326624,0
14.862827400961889,-60.6397903115517,-17.66689610374429,0
15.757665609411289,-66.73281176223317,-5.557500868594642,0
22.286567461885785,-67.89279995446022,2.2288981826967578,0
20.063008851719626,-70.95808611965138,-1.4912585620090506,0
41.63554934333603,-79.57718299640408,9.707255321011418,0
32.71412305064823,-73.45568623074253,6.354643720298842,0
28.105301835186253,-76.26259385658791,-3.645604443268239,0
39.18413067582677,-79.18493004697893,-5.667774874733234,0
25.72132494310682,-70.08216907493792,-12.261457238218924,0
35.74333146845137,-75.85898069613386,-15.617645814236834,0
23.663377566040793,-66.0250791327624,-18.64947778869585,0
33.31257605553666,-67.62842335887409,-22.1096732675159,0
67.18867288113252,-102.43219298425635,-37.465411308129006,0
66.63539545792858,-88.32990749120555,-48.790689816264994,0
71.69695675193582,-101.95573696280405,-31.308859928588102,0
64.61169003603774,-95.94545836243068,-48.41920321657801,0
73.26290986914573,-98.21888496942988,-23.817423719198416,0
58.166406222596024,-83.48965975549876,-45.505553233299366,0
68.4347651290274,-97.04208273437105,-17.205137466052253,0
61.904000088238774,-95.68572158589602,-25.209077865733008,0
57.64993375005078,-93.75588114554348,-32.8423985058226,0
58.62562468599622,-88.4622208434638,-38.40519238012412,0
45.1715614663385,-73.5038410397217,-40.443103930065654,0
49.04174870845883,-89.8427831586833,-27.096696915358237,0
52.06669800373154,-94.54421540438277,-18.64200199287484,0
61.09906735092329,-91.86381090104622,-4.885477157988416,0
45.90774551899804,-84.40615763317422,-34.655818368106836,0
49.86179117935051,-84.83903625868976,4.2814377683732925,0
47.234289869941826,-83.59275468007117,-10.223314123797241,0
44.500868132538514,-81.63350006629099,-21.484459577895574,0
43.600560196798725,-75.36531020896676,-27.3163905498084,0
41.357449119333594,-64.4721474040078,-30.0173900789931,0
65.93795957162558,-112.86735152605894,-20.12541891474379,0
-11.428423010546876,-89.12627704429342,-3.08019436079262,0
-24.578897245163436,-87.74524717146159,-35.64606318831656,0
-4.034385820279944,-66.53463791304917,-31.02814047550018,0
-10.20240953879088,-97.01357588775737,-40.87995327767387,0
51.012685500257135,-106.00600165821184,2.293545096002196,0
45.92520188912438,-104.3423224122056,-59.495231366105536,0
7.471087124793535,-61.93767337069993,-33.221046702476336,0
37.32226715862355,-110.42683903748971,-5.06069428220463,0
-1.069110404118172,-69.93655330641595,-17.794619854857988,0
5.109515184962143,-96.80702781629138,52.459752303581496,0
22.317148515421263,-82.86041399462191,43.12166301844328,0
17.5768818308245,-86.57324559908486,38.990209640746635,0
-5.522114714395729,-78.84408890329144,-7.952817857260067,0
-6.803686302764999,-107.45623307645546,26.378637995523665,0
29.4605700862708,-98.98832892890776,27.10036825693843,0
-21.48970627430002,-98.52606413845076,-12.223267719563186,0
63.79437251384103,-115.22995105276817,-32.36326089246291,0
-15.383826111253528,-93.74122892612336,-5.48396083799783,0
-0.7108594556093388,-94.11237294869848,45.97212834604167,0
6.278714257314254,-89.80044933476893,41.10211367904574,0
-6.54610201175743,-103.27785732840822,8.189029813549869,0
15.468320032444172,-116.51970331113054,23.87800928913673,0
-3.010588161262802,-97.46417135912525,49.439724619655195,0
12.923165574123933,-88.71315966592101,50.802507496720935,0
24.070357121878505,-81.26682186664324,37.68256204071293,0
-0.2871858919529573,-103.28529856836298,-52.24078905232172,0
36.28787003232584,-98.89042899613925,14.151986608319133,0
26.950115678420836,-110.35723915222592,7.52569997624295,0
6.875415325000566,-122.21800538873879,-17.406403143351152,0
59.18316810413047,-109.79343911166123,-9.00361176299925,0
48.00497337027003,-110.7606853061333,-17.621363380366713,0
20.000102788536786,-105.28163300988487,-60.57862372447623,0
51.079950173187065,-107.12594583785366,-42.23785869124503,0
37.427708508318055,-99.4302406295542,-36.08761223297802,0
34.40422192575,-104.00038616995352,-64.41238650029042,0
0.37536985486984276,-69.33472761858431,-15.45081693941351,0
40.13935629953551,-74.9694489359013,-55.610598577123525,0
55.54666438979532,-84.35411393237497,-55.36299510751237,0
27.248553228623567,-67.26671942000327,-47.50832710094647,0
14.612182257085168,-62.1207941122109,-41.621330183047434,0
64.73796437158802,-97.17792321274824,-61.99646447781822,0
23.273156514042206,-115.54576448490049,-27.840013242241344,0
-5.823526595072068,-81.16464102991517,-4.001730241974559,0
-2.0648953829989782,-87.7288961833992,5.378969309935908,0
76.5575794089948,-110.07347293222583,-22.821190412369976,0
-13.466356541645208,-110.01675513999174,-27.16209190902216,0
61.89646789710104,-98.17570580543104,4.129537967174862,0
-30.78503981089492,-98.07770364338151,-22.213492266482074,0
71.43537503124473,-114.84776398827665,-45.641341962559316,0
75.34790063191532,-115.88744360368237,-30.25029132602428,0
-10.141054638157135,-116.71933453523091,-38.434647428505535,0
48.85256244960277,-91.51901979711741,18.112307609594072,0
34.18584048943157,-113.12306082615727,-53.29794370027903,0
70.95603178273744,-104.4971980226042,-8.78420139894768,0
49.11867424055413,-101.7691143218985,-55.1499618503556,0
10.228935079385245,-86.06059652430855,14.339074345917654,0
14.293569594302436,-116.41113722431211,-44.05139235313578,0
74.65137703719634,-107.51848263657087,-60.908607650267854,0
24.625684778273353,-77.75464471062375,22.22544563978478,0
38.27136950874428,-80.41934259048162,31.940193074813884,0
0.7505704190329675,-64.95710745392613,-24.292951680642492,0
4.585720661700005,-63.28662017137727,-22.765277129355013,0
11.403552730462847,-72.454292511188,-31.058483568839293,0
8.147559311435032,-72.45723474456032,-17.465476245192253,0
13.66273642039491,-77.10028608796566,-39.93363022193707,0
9.649919181952102,-69.66517462562065,-23.47717364070542,0
8.78944612404859,-77.97125756694149,-6.817046217787004,0
12.054794299240198,-87.88429588131063,1.8126280303525442,0
16.077693913637525,-90.16651739800565,10.079231562016687,0
21.5471824744796,-96.40323121303048,16.303551230739743,0
31.313396106324753,-101.00406695145071,17.294768417102322,0
19.407206658957225,-96.64246771566049,-4.299352696104902,0
27.242465033268793,-101.11019084977741,-4.339621762963283,0
14.985449619872911,-86.64367546919902,-14.897316742758713,0
20.097575467555636,-94.29242316673259,-19.818078727263828,0
11.663376324561789,-83.06306176469978,-24.45075183281031,0
19.06728847253464,-87.45016414955673,-29.936063648919173,0
56.379073989919895,-98.45227018672719,-54.33326887810442,0
65.85342430243432,-110.18743951607988,-23.206700972592646,0
56.83408585968865,-110.47175935508231,-39.57139071228578,0
64.2719966587807,-112.1557605367516,-30.000534828258548,0
58.03908009720319,-104.90535102954415,-50.425584182801444,0
47.206412602916124,-94.66787552545944,-54.42123333710258,0
61.04991221650791,-107.24604568966645,-16.645619546827806,0
46.42772186172722,-102.18414780191513,-45.482883357810984,0
47.10084890485251,-109.33767925575319,-35.071371418797106,0
52.74501966403939,-110.61545818271367,-25.286150817077424,0
32.64731787006931,-92.23295976913523,-55.38427480819888,0
33.95491473616503,-115.03857286102875,-31.420107658582996,0
43.3646934788393,-108.20847690066024,-17.614351352822702,0
52.46524793434962,-105.41435262346225,-3.695837337501936,0
33.81384017281141,-102.29573470208797,-42.974375061711434,0
43.36408067591083,-100.98279514937248,6.184540015038902,0
33.01589041200393,-109.12279552399482,-8.61201260482412,0
27.193023609254258,-104.42773056964643,-23.313950567860136,0
27.34311948036398,-93.80487598859237,-36.13697992657778,0
22.03390981920811,-83.67906444634077,-46.35835133638369,0
-3.7520021303552578,-103.13814196148496,25.795574451004864,0
19.579380690249376,-99.88945002904899,40.42706811871467,0
30.649327455728933,-83.62185926641203,33.82226045998978,0
15.903989568320927,-86.05832367243673,25.934097274484373,0
8.100323125881868,-107.1055896201395,38.80747427636947,0
25.5008346448802,-80.99144170609036,29.392227420103485,0
30.938664315122672,-115.87884848961235,-14.766245870411407,0
41.54231953750336,-103.01358804646839,-23.865239039305003,0
13.870978836535008,-119.05180474227011,-1.3966926921439462,0
52.50872490165796,-109.03214594295281,-31.8109851811355,0
3.416435456692444,-116.98208366370494,9.844780359894871,0
-8.627166158896708,-117.36469544399698,-6.472042393939232,0
-29.25509961750086,-109.02694002233055,-19.057639776521174,0
-20.324519569367833,-91.7834705027354,-36.88304593787217,0
1.758602648582771,-79.585732809951,-43.269347340935,0
29.86930387628469,-89.77621653698706,-57.4258138585207,0
17.99491116942992,-85.06470150478644,-44.41511609408548,0
44.018468501824806,-95.44137692793873,-59.39230129915729,0
-16.70333554439541,-76.38041860728539,-33.844684971211244,0
56.09663000304967,-100.75119660172157,-59.73175474136951,0
62.199745179239535,-109.4647923983168,-57.19959386501512,0
63.8086790686256,-113.39944706072937,-45.4032154128363,0
-9.209184761687762,-77.99584737169072,-36.15394594279221,0
-12.345185636405006,-113.34022851200149,0.7915165136107348,0
54.41650962142658,-110.38946607570865,-24.276083965952793,0
4.4369473716044245,-93.99278159118566,21.56897505564666,0
64.14779106956075,-52.40930859636432,-52.82406957684814,0
84.495591613138,-67.01944801482497,7.45391186437659,0
85.9074034257521,-36.107592037579565,-23.647288648925873,0
51.16759303930079,-58.8908381748762,-64.96815657954926,0
74.96636289588106,-41.38235458435247,-43.68641245956699,0
74.38032807443322,-18.924838321349153,-14.926824840430195,0
35.12461594699689,-51.63241531225939,-53.7107370558276,0
58.44218484506068,-23.44809397248157,-37.555472740131464,0
76.46694758429956,-57.039533409418596,21.129998083534474,0
73.06708955159277,-63.219842597269015,-54.89059026278477,0
98.90177501520763,-78.0147199364668,0.5268060174914785,0
94.04565405058186,-50.955537963225126,-29.780563371349867,0
66.75167564451304,-72.68098665388968,-61.227116591487714,0
83.45885281555212,-52.670873608885,-47.08156743696796,0
92.16124736154609,-49.47646279741912,-7.194438499250182,0
78.91000380821791,-36.50797925177657,5.011914771908355,0
104.02466042716145,-63.42261451961573,-15.6150687322614,0
45.7947125239918,-36.277473504865725,-52.12235952239081,0
87.19328463779823,-73.9814401755545,-66.57218776273109,0
103.7338926036357,-90.27752149417287,-20.57494464973341,0
102.06114405005852,-63.37121838059082,-38.01113387665037,0
77.22889695252921,-82.25709591899168,-75.20900577130459,0
99.17096265876934,-69.49336884436697,-54.83645489712675,0
103.94203082689897,-75.72206764961544,-30.79054716837031,0
91.47653048856289,-105.13970761214598,-71.45577050198489,0
105.74597050048845,-94.72608389223078,-66.8764249830769,0
106.28975775151953,-97.74407510603733,-37.573270138726706,0
103.92186693425046,-103.2453942638764,-48.845786215770175,0
113.64755107447733,-88.09351039008071,-51.327155575812554,0
94.57181478314645,-103.4814231038935,-16.050657872515153,0
74.86972259932014,-83.64639081942144,11.575365802060533,0
64.34763787599391,-76.82981702781689,28.536992010396546,0
90.35673808734802,-94.98690594172814,2.850416968651464,0
68.1764792840029,-114.71517407976017,-18.54579546581239,0
53.09309295521717,-107.0162959349734,5.328346855591845,0
45.36376007996433,-105.69079274546252,-62.027903154272835,0
36.81449333175811,-111.68233066478719,-3.3531742647428175,0
66.39582975056035,-117.90252405179491,-32.0555976945599,0
-2.7523631887358917,-103.3302137463371,-55.41200183798789,0
37.80178119124029,-98.73658274183141,16.506935159101324,0
25.771430990339542,-113.1437334074289,9.602119281282683,0
5.2794644341551615,-125.55189991643816,-16.589326914642275,0
61.295175109127925,-111.92259577299559,-5.4587571195382365,0
47.45643148670087,-113.1637631259409,-16.00866079203025,0
17.89511799052171,-105.14325619861991,-64.26555064777878,0
51.051094121729264,-108.54064827003805,-41.727136787428066,0
35.98767853133867,-98.5660120172091,-35.091312897657346,0
32.7364148676281,-103.63195762183923,-68.72071818685791,0
37.7982613113387,-73.26373110079422,-59.90438625225991,0
54.690568459578465,-83.33084445153496,-56.30498112715102,0
26.28200513763739,-66.98905954394628,-51.399382530372655,0
63.94996301210897,-98.07712203717956,-64.35252053788274,0
22.518524301775724,-116.85624052945026,-27.366930366147308,0
63.709076227044406,-100.49638622529453,8.217778851986308,0
-13.417743285057254,-117.98937176205415,-39.51752745893794,0
51.64802029172957,-95.26232662520164,23.5648100679131,0
32.85232188189517,-117.05324762068497,-54.43700833642282,0
74.85276711491659,-108.84154435365313,-4.548442622056836,0
48.69537000303094,-101.76011742657285,-56.99249870837936,0
11.2577644350014,-118.97954995177214,-44.75454908921503,0
74.59100470667423,-119.50754622092099,-45.838068762305646,0
77.27750203623195,-111.14252384421155,-64.21802248810731,0
-12.324171779427434,-88.66075475054873,-2.599559292958321,0
-4.36687578200299,-51.43046721732875,6.325152943279094,0
14.407289844160228,-47.832681940975796,13.017950986299969,0
-2.6225719154400546,-52.76916735191801,-6.795081602509132,0
-0.9220872905865592,-68.78657591773025,-17.609971127059783,0
-3.5850686458001264,-53.61910381346283,5.700741045713035,0
19.060831408901173,-56.851420743038204,13.17137921310794,0
17.631286732078703,-85.58369326999099,37.73711175123476,0
-6.139087351225534,-78.44476296459163,-6.990650004996467,0
-7.739963845281635,-58.097124883276535,-7.563669085538218,0
-6.636997294085754,-52.078157529103045,9.332814930653504,0
12.563849135051447,-57.02871993317001,18.082406697110017,0
16.17338432105546,-71.68725239620134,17.371714645489256,0
-4.299487859352503,-74.99237032083556,-0.8720531830023543,0
-2.9094445385812824,-73.55159381770461,-5.133162884184708,0
21.905057778112244,-68.46455636995894,8.11863272562751,0
4.6885929658498835,-80.62761178569431,5.8161269367078585,0
-17.29496880792129,-93.39919147453699,-4.076403838183891,0
-2.2626006024438143,-94.20176332132486,44.603828903136524,0
5.375387997837708,-88.5945310668891,40.484731495431106,0
-8.628414016724042,-103.6817211816365,9.450422833119253,0
26.120798431055434,-79.38111097810886,35.83475731757256,0
3.0402064101976207,-84.95275223196236,8.468589799081235,0
0.4779830894002434,-59.229565350706295,-10.165378900468736,0
0.8001734644033145,-67.66941546250804,-15.345612318968964,0
-6.091566678797762,-78.95941757701831,-4.27292003138596,0
-3.3912975456442673,-85.80917883193352,5.921371112786149,0
30.530742239508754,-64.5633145669697,16.07346658615067,0
9.707549064590202,-86.15856680003763,16.56567086018051,0
26.041624068574112,-76.57213089884274,24.98537830312407,0
22.729475212654947,-44.89198106215942,18.02431767881216,0
34.44995473686765,-54.12996389496076,14.16813971945633,0
-1.4080493135405698,-49.349032707463394,-14.284583965526874,0
1.7872319732261488,-62.33463305997372,-24.545904252327713,0
4.474845739378417,-55.48311434180564,-20.82656900191725,0
4.291165014522273,-61.13541361508473,-23.94388004488027,0
-4.435854125966724,-64.29143398931743,-32.163585446153355,0
0.4583524861395521,-39.47680873360586,-21.371069655214832,0
6.933368570284581,-60.92658590473645,-35.67375140412384,0
13.724828552651685,-51.26898414481119,-32.669836364494714,0
25.06047323340187,-82.52835559032674,41.87603796701155,0
34.941237563334255,-42.61492607025962,13.955426208801923,0
55.496950670782546,-45.704828934657655,34.43305929530101,0
48.99998296748486,-61.243838860726406,39.670708623657596,0
40.63103516694389,-78.13743399105721,34.26725494484908,0
4.734629156462673,-32.47708534622936,-27.58350193681583,0
23.719676986776083,-18.044353892201922,-19.01586431836885,0
24.715022066760326,-20.9048267364873,-4.269628339397254,0
56.624962053516825,-28.358931940965984,10.399537403686377,0
52.21394397627673,-21.616637718051347,-6.435687004840221,0
36.515327322845,-21.098280112377978,-24.812156254502767,0
20.22258017276994,-46.79626987840548,-46.63126020385456,0
9.203496216765236,-24.83935960700696,-28.198237401368118,0
33.73490872531072,-22.100408120111375,10.99561379802431,0
26.30828696212337,-28.010311334369536,-36.42813692950837,0
-27.50781008078076,-87.97503444047217,-37.439131991745406,0
-11.929433463782894,-97.11806671830368,-43.74888940557066,0
-15.375425530974825,-114.38152326724747,3.406447011997775,0
-24.642384823417004,-99.46744837257124,-9.778870646353912,0
12.66409900272843,-61.49246641778952,-45.30728355624004,0
-15.242023254725888,-111.10467116806606,-27.048532085743847,0
-35.56409037207915,-98.99545012559028,-21.062587070585884,0
6.236663492460182,-97.44847350935936,53.947626253315754,0
29.304379818293544,-101.46588375319952,30.456235622206265,0
14.628008453085146,-119.2234354486276,25.592296986657733,0
-5.46498840484581,-98.18560780990289,49.48710739618004,0
13.866699682635158,-89.40760071643057,52.165159428175116,0
-5.876181960812079,-102.96669782911222,25.503567256140496,0
14.529531874928475,-85.58698212246085,24.04733479409026,0
3.7208711819317712,-92.73263738904527,21.230020124743785,0
26.334877732377244,-79.61281179903771,29.54553778780852,0
19.425732236509358,-102.01278650382653,43.700798043400546,0
33.51549406431252,-81.64543164068242,34.702818342336265,0
7.871329899723514,-108.62230618590876,40.55521886506297,0
-8.397202957853972,-109.0733292134083,26.7861894024633,0
-23.570838664617643,-91.93709641419612,-38.91513140217011,0
-34.15062749505981,-110.61216189686608,-17.282453707551696,0
-10.035715219531683,-120.33371373787608,-4.775631903542441,0
2.4360323126514967,-119.1867963348432,11.156742563611092,0
12.896740780169251,-120.474171731696,-0.015072839819873122,0
30.029100361222802,-117.7824463799391,-14.255814829771806,0
41.83413562460779,-103.90583789368021,-22.78787118996944,0
77.60120046551384,-120.67473200120149,-29.13095431691661,0
52.262493504021336,-110.96654837248632,-31.233123495561188,0
93.6570503980119,-109.01328009813744,-33.60593643607155,0
90.36029873757751,-114.57855610026066,-49.17618325975436,0
80.53668598781921,-113.62684043244714,-17.90882465517161,0
17.523834673666457,-85.21728760460476,-45.50467528996625,0
1.3545583291333512,-78.90962932718693,-43.95983561377879,0
29.483268121520464,-88.94051705917362,-59.93831343790216,0
42.68363447877112,-94.80900826873706,-62.22695402383035,0
56.85641268005256,-100.1198096529747,-61.23119820363233,0
64.70681349053338,-116.06342697240521,-45.727421788965394,0
62.66058157578522,-110.4043217837424,-58.84430049258732,0
-16.750378023745032,-75.45284175241527,-35.135321637873474,0
-9.913574459964961,-76.28768296919219,-38.463036709041155,0
54.92045193041728,-113.50565325761755,-23.559357766389248,0
