x,y,z,Frame
93.96494053573456,-83.95669881201118,-43.25137864160917,0
34.50636861714364,-42.149427102542134,-7.902247950825708,0
35.91671665307676,-38.913612679683965,-10.388308741400225,0
57.57006928049579,-23.361297071064406,-11.785941684077155,0
66.62654571054846,-23.2895351403423,0.8594112454181272,0
39.94294397455497,-54.03476591795339,13.570755945269712,0
91.22041448121007,-29.31706653160268,16.826411889797875,0
82.53621111754214,-19.218520774117646,0.7302321518007686,0
77.63445188512274,-57.28404516029166,-32.6534145923307,0
105.37536821577665,-90.89792464010853,-14.008958640462359,0
86.23889942025373,-106.32932413098996,-32.02892952008114,0
102.9595460721862,-72.08931534621576,8.152052981958544,0
108.00271810279045,-73.33372979459054,-27.45295046536518,0
97.54947946078843,-49.28998251139132,-14.074621042804726,0
83.74668161453913,-88.29751992745109,-44.04939620445177,0
67.75370826943924,-68.59382374372113,-33.967540552040205,0
65.53860113452068,-20.365672515801215,-19.26880423804661,0
90.10392122393938,-105.63521784544884,-21.03547886400861,0
102.2699583430977,-78.98513964101983,-36.340488617641526,0
88.11499531344683,-52.42162520299806,-26.313505389698694,0
51.08919350639693,-50.66728420931609,27.2319611622371,0
33.761342614973735,-52.96645265989374,3.6393412967584213,0
41.066399184618746,-57.47455464336536,12.935436752964087,0
54.66407681301821,-56.974114189970024,27.177850044253724,0
27.56746758981729,-60.80003231753126,5.492350465095225,0
35.95211406109579,-56.729726177795385,17.124160195589333,0
48.37349284294765,-56.802490416935576,27.12498368583468,0
48.13742021873818,-68.4874653725661,27.8703623752833,0
30.702912545956682,-67.93414658647367,10.334092545777386,0
31.34013602018441,-68.20365797929763,5.141543927356484,0
52.70918484129252,-69.91125409328232,25.518582298061297,0
35.95808974681377,-73.71590835743008,13.179744125977887,0
64.42656656883625,-37.72639562911895,28.158341313145275,0
85.87610222203745,-50.915186015616584,28.693051085355375,0
37.7774575431879,-76.16077639373604,18.26794041419886,0
98.04641146110792,-32.42445057038164,-8.592115662073116,0
54.96866638244523,-61.08661915101956,-32.73535729610703,0
81.80132961972782,-35.79593301318516,-24.580980248358138,0
100.88720624052921,-59.14541542463989,23.883215872155926,0
86.80251036992995,-73.257743804855,-36.374939967204476,0
105.35361636620905,-82.82077491846114,-1.50559960222178,0
104.82780939726955,-63.84244251791424,-21.51545961330983,0
78.309359955875,-78.92631548216625,-37.64800625611355,0
96.45893942362797,-65.55050440422643,-30.65323113042399,0
42.8296571895842,-54.107055548591376,-30.382097241785456,0
34.08767851528332,-57.84257096558112,-0.5071986327365119,0
37.93095234876771,-54.29599009210711,-22.694566298622423,0
80.53407781281828,-64.25438728084556,30.708704790968753,0
62.497804278329966,-68.68419739819056,27.34947008333775,0
44.24826672483087,-31.807908830376803,-14.679420976035766,0
110.43955185194807,-82.97014448642534,-21.32137039071082,0
103.9452329526203,-57.05829883360793,-2.1815913109077423,0
69.55787858075175,-30.804588376539584,19.172072091242153,0
86.24279749514157,-99.62522229305145,-40.594483855555595,0
100.31943517197342,-102.19322337362088,-50.490277164470506,0
104.16358720391972,-42.20888039744641,9.50828950548453,0
110.38523499551113,-69.98565023690296,-10.954563396850421,0
94.34778997150583,-99.90292970741292,-10.876794206971589,0
90.43476178638791,-85.21627457860768,13.272830243439785,0
83.7176955412328,-73.93013965226498,24.983510917660446,0
93.92864277445419,-94.00114125745279,2.809698759985403,0
60.85899894553066,-44.751528086298016,30.503761405171783,0
70.10023454305426,-54.16371393587967,29.57682724436634,0
32.38892391448482,-48.96879994966233,-2.712736858963565,0
31.907829209968913,-51.993183201496485,-11.240903426538175,0
69.1712377551366,-45.00761459094101,-33.82386494678399,0
54.54140964524053,-30.163527614049226,-27.007530214430403,0
103.79953884090564,-102.49526354250621,-27.336098738500347,0
101.82232307842621,-111.31678869179686,-33.806364096964984,0
106.88912431896863,-92.02410083553283,-32.25253389398443,0
45.08807085333405,-63.1855766234641,-22.541283849880973,0
37.01521227266742,-65.52894714286666,-8.844921579704605,0
40.00996667366048,-61.7260394440874,-17.156319077905057,0
36.74656000768538,-62.665140731345474,-13.763756742037595,0
40.3613163906784,-71.83326210822887,1.3799530531790065,0
51.15567367407509,-74.69703010745197,18.905670664741223,0
45.47893418591758,-76.6352017774305,10.532721673401154,0
68.64680422139057,-77.21168334504057,21.55306516536589,0
59.45708499453405,-74.84740645782875,19.972616012047418,0
52.02145026236889,-80.5122848602075,9.264881671119388,0
59.80785361263657,-82.25312674757471,7.6361456408871895,0
46.55849810653931,-75.38347615383216,-3.5789476487085627,0
53.30310540647809,-79.68875999523486,-4.920702027582942,0
43.51182429594635,-70.39025190305958,-11.747110192676917,0
49.63306302606104,-72.84868801604195,-14.803646928332276,0
77.26441844971012,-99.48544446667485,-23.368815691131935,0
78.13586011626471,-86.88013022185514,-35.306819275420295,0
81.8913217485211,-102.74992278688084,-16.6481610093254,0
78.7066351673399,-92.88984364986759,-30.93830864137143,0
85.22059488303613,-100.88327248768495,-9.803052415383018,0
72.69452325103086,-81.4262415698503,-30.532229391869805,0
82.47699533975823,-99.7461145073417,-1.9900013149961568,0
74.25212630782123,-99.26810091322672,-10.008610567711507,0
71.90078293771145,-93.15203555716991,-17.852666595925136,0
71.33804749950751,-87.18804370566902,-24.502039336209958,0
63.441704687253115,-73.90833887633424,-27.68023988519697,0
67.08005242892793,-87.3006136569247,-13.048195065685547,0
68.90172879519368,-94.6698298375991,-2.592361646118918,0
77.52534700324972,-93.7836956836941,9.504002500733346,0
64.77800715029359,-81.40183559717624,-20.350655096287063,0
73.57824494406752,-82.9106922719056,15.987741137621095,0
64.39145626898566,-87.92510547390576,3.6187978328786037,0
60.06721561719607,-83.23011929571472,-9.460554161624176,0
57.36084195622413,-77.02469712742636,-17.43111974807582,0
54.362683601775345,-67.96242118647753,-24.519320620996844,0
75.5448390385236,-111.41819771778862,-5.263917008272903,0
22.00565646660371,-81.87160125711661,5.854454210197962,0
-0.09801901372071861,-83.82150325508792,-25.642971610778105,0
23.736632843931574,-65.89147993371469,-26.020065083796624,0
-1.4843741405284998,-93.72043374944863,-34.13953629908368,0
66.29315826251212,-103.72772633886717,16.087034374330837,0
45.27080670390519,-106.21864064239436,-46.465907265740505,0
31.110683831521364,-62.382349835581664,-26.36987601192149,0
54.467982288375445,-112.91081727520285,11.332101034720306,0
30.25218068658639,-66.97506915728422,-10.909835579488483,0
43.335783629109734,-80.87649952020753,65.56253126693453,0
63.114985807163,-73.38876373670205,61.374441972332995,0
51.08384330402504,-71.13041534231994,54.29176817890288,0
26.353403804630315,-73.56774346587052,-0.6109272564019599,0
28.33665481246158,-98.60588562796579,40.22963393142588,0
64.62737517115252,-101.18946004634385,45.95871162215355,0
5.470792636718213,-94.21318229309341,-0.14918103131746716,0
71.16954639141264,-110.73924879620108,-17.111604491743115,0
15.430734498651878,-87.01538297372528,6.693492398933982,0
35.08957377962175,-74.3485829548888,57.63515221233168,0
40.82192576036202,-70.30229424336132,53.20373237968646,0
20.650510977501884,-89.71992717103299,22.217496988709037,0
43.79970129935496,-108.594814455784,39.12672997677157,0
35.028240408369385,-79.8293875010437,61.66261219904982,0
53.91433813794854,-77.86671833938792,66.77926228308765,0
59.74645332122118,-71.23955922233083,52.95566318751514,0
3.712522137813327,-102.07629957479311,-48.60055485736054,0
64.46405324091303,-101.34100976566035,31.802256395833474,0
50.07627460501562,-113.57852943644642,25.771944482839526,0
21.09295012287833,-113.69562361881178,-2.3664104792320257,0
74.65222608597624,-111.28446917621507,5.721791559696361,0
63.01793951625854,-119.77931712778673,-0.9416513117369429,0
20.39542614142845,-107.17202259444757,-49.22587071947858,0
57.808490878020024,-109.84428227551014,-26.788240731807843,0
47.21874238891571,-118.09355237309227,-20.532400997186283,0
35.63156490343243,-106.0462285443117,-49.404494177319464,0
32.388229293332024,-66.91666798513046,-7.52528096482669,0
55.07655349037862,-75.05522808534779,-38.958883301424635,0
65.67919426394846,-84.02706467904588,-45.27361106311514,0
43.708997426133905,-67.27054548942178,-35.04873642773485,0
34.51649406059289,-62.13592261836478,-32.1510731897939,0
71.95520881766848,-94.77389366993202,-49.81555226107648,0
33.38659105740207,-117.86346437058538,-10.967359142356747,0
28.706393897520144,-74.18652417380117,5.164308928166176,0
32.12927981082345,-80.25572260746891,15.44306195600964,0
84.86276473158105,-105.94478416035686,-9.41473534686983,0
-6.755201497520135,-109.60226450655733,-17.373967406874808,0
78.62642855081695,-94.41502103521023,15.959040236823895,0
-4.236776695176543,-92.70575709140832,-12.058339707620053,0
77.06864960184673,-106.10965005811966,-30.04523267566936,0
81.48416643204501,-109.04880384177099,-17.14297560154574,0
2.1239100885881865,-116.29636826563306,-27.40750448231528,0
72.78716928609816,-85.1180299200787,27.801411286442175,0
35.134192900811286,-114.4505206590768,-39.15133356228845,0
83.42373483493324,-101.66732895785472,3.6276908652661186,0
48.45770442323864,-111.30300084736854,-41.39228688694985,0
42.88680448618715,-79.71092321008408,25.784413976999282,0
16.261296864249285,-118.34585354687094,-36.33751142232438,0
78.17607232574223,-103.4465853393844,-44.14781877415282,0
59.533468501727725,-75.42340749673916,33.6708378777914,0
74.25326048030516,-77.25440531962549,42.13203116369574,0
27.95444983685903,-62.63808317911298,-19.109148808509286,0
30.594163630865207,-61.512272675031106,-17.663454926716717,0
37.098704655325456,-67.45290045003493,-20.46449337938502,0
35.14247599428319,-70.78713009783019,-9.842490764449014,0
40.691739860443995,-68.42373303758721,-25.111496342062768,0
34.49617685414596,-67.56817543464108,-16.41175146616649,0
37.67154832903658,-76.95157395951475,2.204861562290592,0
40.44988000498479,-81.66603116945394,12.12454359002984,0
45.541564196679076,-82.37700719389346,21.012498318674286,0
53.5635329850456,-82.27937774300555,24.884066748202176,0
61.96527534992531,-85.79354670231459,25.820970852033074,0
47.586906227104244,-84.71030867660464,9.459073183017496,0
53.49971375803782,-90.31360626601337,8.183622123091187,0
42.24314451589363,-79.36611458246584,-3.2255329010430147,0
46.45156409263926,-85.06224520645617,-6.818721323475071,0
39.93848750216821,-74.83768950954972,-11.660666666204873,0
44.499448721051074,-79.46724719594059,-16.02034318880826,0
70.02621734873361,-93.2645759472323,-37.767764831905176,0
76.62174332868875,-105.44054344638653,-9.520198468379151,0
69.78918805327756,-102.6227969983708,-24.765350112901757,0
74.38608864695043,-106.31753952075168,-16.108263322685,0
69.9262914162036,-98.8227416894508,-34.45793299228597,0
63.44661939396194,-88.94175411996989,-36.24024321949869,0
73.67265785389458,-104.74454464804235,-2.6984999242167516,0
60.100770455399406,-97.69278960061735,-30.062310386454598,0
61.52249941319841,-103.45140452572083,-20.523305058612188,0
67.41894635599263,-103.92138826236751,-10.692111735457175,0
54.90048521642775,-83.43869491191407,-32.75670183924678,0
55.58942568919297,-98.89264579389636,-14.743588057892852,0
61.11085783273767,-101.22286689986613,-2.861788750333279,0
70.76852862081195,-100.83647856954039,10.168959006685311,0
54.902395398851176,-92.01626983734866,-24.68830070331741,0
67.17719686290332,-93.70925348751156,18.87934007390753,0
57.86476143950725,-96.05269006220954,4.375360687914788,0
50.663283166305916,-93.07714831012947,-9.028549569340687,0
48.904721002970156,-86.20534638237989,-19.98145655870736,0
46.122047926541434,-75.91159352838831,-28.95820143146658,0
29.797112868113043,-90.4693085250103,38.00978090059918,0
57.17240165499131,-95.78486927840656,57.70987115733201,0
70.3889864955904,-79.30033543075697,50.9181959999908,0
49.78259460221934,-77.49054230586337,38.80105428544022,0
43.168565118562285,-101.72902052086077,54.61292410288991,0
61.733345517849095,-77.34740652977548,42.79339384482182,0
42.12411695951863,-116.5754519112123,1.9947515803102793,0
53.95587155911059,-119.68120821815032,-10.200451337505127,0
34.629927072089195,-113.37968615551357,13.072214336045842,0
62.21657854079926,-113.91015547820638,-16.50463678143288,0
26.861852600549355,-107.15335364131467,26.186865935637172,0
10.289184690457668,-106.50247570279984,6.251858596695339,0
-6.5928741029702005,-103.51944204166624,-8.930481110893846,0
-2.2260090518259603,-89.46295049277022,-27.524124191492987,0
17.844607282583834,-79.41947587529924,-36.43279534414959,0
40.52167200517506,-88.08536047776762,-42.49442024777106,0
27.59918070151822,-82.28913538364621,-39.60805210769013,0
50.27294044183592,-94.78758263695096,-48.00813405969389,0
7.19706551622568,-75.65271352585509,-29.10388333872904,0
58.07523832914162,-102.63637604719972,-52.55335555155931,0
64.11519635809753,-108.50456857442784,-43.47134682239755,0
68.94558783700458,-107.55622728993697,-28.828529342412963,0
11.66151948896746,-78.54905113273063,-30.73432259156204,0
10.332633210181388,-104.30657888727492,13.27532859551821,0
66.37391627519473,-114.51368410129385,-8.865777750560607,0
36.01919206649415,-81.08396776093481,34.196090330945026,0
76.49656028173479,-54.673070096428454,-41.19434112612791,0
107.86756185309325,-67.69736131473927,16.628445870653877,0
103.33946236673874,-40.05780724223221,-12.705155909319094,0
64.23122565902109,-63.1381624537537,-42.23030848705668,0
89.71411554946066,-42.19347731687127,-33.426901006276765,0
102.74430912977328,-24.35202021563229,-7.681251666804153,0
53.424599264375935,-54.73957951959461,-40.68287550007855,0
83.52566102507423,-26.715328725500488,-28.922570474607976,0
105.30004330799733,-55.262877209935674,30.910250589912078,0
85.22905804328275,-68.40592540038513,-46.366931584989175,0
109.84919143091635,-80.05486518373748,1.8287227624230435,0
107.85679104854776,-54.65423499373644,-18.979012128954988,0
74.89450617231789,-76.62076645309833,-46.33863115085583,0
97.1651751273943,-57.7803779611682,-36.577609262709316,0
109.48834174906536,-53.37544554354451,2.7492615023069087,0
109.62784044676836,-36.64223737972367,14.204479308972168,0
116.95483796960043,-66.97728043659471,-8.419283425602783,0
67.93558013980935,-39.86526021252826,-41.510495238642676,0
93.44406980217131,-79.65470717183652,-50.642561244195605,0
113.05785136842245,-92.43312265380973,-13.198349938572859,0
112.36774536544492,-67.8062982030121,-27.282182860687808,0
82.59486434311407,-85.81119984851485,-51.46499389731135,0
105.941267805565,-74.40871482879308,-43.64499280777467,0
116.74312478477206,-81.10718875003803,-21.025425113903157,0
90.32476937713217,-104.80580928217852,-52.49379069217617,0
105.34963832317925,-106.37027499325436,-55.16178451228064,0
113.15979827211207,-104.0099885043358,-26.89203656397912,0
108.47476826059483,-114.1066517279085,-38.52010475972735,0
112.2342889980582,-92.82124254861239,-37.248341621999245,0
101.61149532659918,-101.50510005964568,-6.491449307836056,0
95.43397390856671,-85.57538730041554,20.976064034722345,0
93.01295407467008,-73.08899432829242,33.396640527022726,0
100.65628778023107,-91.99840053527761,9.336719126897014,0
76.5794516506408,-112.90058438348089,-3.6950134178560763,0
67.01827541957621,-104.48747797437632,19.026108838107458,0
43.55884195091945,-105.43430542577204,-49.50039142400826,0
53.453748891224905,-114.62980339428113,13.497831184611412,0
71.77677460166151,-111.47191123526038,-16.49888546562246,0
-0.4433562934005242,-102.37418968611786,-52.7600801869598,0
66.5629307862458,-103.65016572581743,35.574580593401265,0
48.813909575446665,-116.03645193853374,28.384166845287442,0
18.922242447881835,-116.86703592400173,-0.7228189406330913,0
75.83636677201427,-112.22582118344111,8.76743388537934,0
61.81218099507649,-121.67335657862557,0.9071165027338669,0
16.13170024529235,-106.84706173149566,-54.067187272161846,0
55.31199261521124,-110.1211465345246,-25.48665140512077,0
45.586143517486114,-120.82560752602697,-18.582569796947407,0
32.09196655131076,-106.39004868520546,-53.47110299763466,0
53.32063856186893,-74.4396832045429,-41.1088003346465,0
63.183848292660336,-83.67862642116492,-48.95343700868021,0
42.61712556535529,-67.20367430177349,-35.30364029827817,0
69.92788474642718,-95.13875004600216,-55.06775404050528,0
31.409613531005483,-119.90766347321548,-10.167249908285104,0
78.4900055562838,-93.67920265332421,17.976192371582552,0
-1.7432138134081454,-118.31223476797501,-29.08243097979024,0
72.32016938318623,-84.54845196210901,29.843660793460636,0
31.486846452421695,-116.82008838904999,-40.69654698022935,0
83.48010047729966,-101.89939592422728,5.67678208145465,0
45.47149204349769,-113.4635699166453,-42.45312821682211,0
12.149134782245842,-120.84174499539125,-37.489390195479345,0
76.10188204580578,-105.83363471383046,-28.998773942966913,0
77.83491257820828,-105.66112134015309,-45.971651848242466,0
20.979426371746534,-81.5639987628555,6.615070919043914,0
38.78704141378339,-53.06278259949661,14.742827378004707,0
51.28836683458805,-48.11926740328826,29.21178544969106,0
31.438331873940594,-53.41928148325832,2.6094829619259565,0
29.608759535190323,-65.93991474697538,-10.398054420382692,0
38.91533965130642,-55.23483943091246,14.235438804890885,0
54.582612900216205,-56.04217608243606,29.508558636529994,0
50.51259394741149,-69.92149821342126,52.63386343209139,0
25.78790570454056,-73.33883056711991,0.7626445955419673,0
24.983134363536415,-58.4860876618688,1.896901425637813,0
35.80550409480396,-53.94823300852229,17.280413835273592,0
50.801467412975256,-55.80396551765751,29.703733827920903,0
50.12247178727055,-69.98381474532847,30.537490743744254,0
28.671148475307984,-70.05489748637368,9.904934779462996,0
28.958955924483377,-69.12182788255798,4.33304119430283,0
53.027077925727454,-70.80156265795682,26.628612774636448,0
36.128364345461684,-76.481897122213,16.594798209194614,0
14.209894951124435,-86.43824856443976,8.150216306159669,0
33.10175714825276,-74.02997842743348,56.09978175067517,0
40.04378972967388,-68.95499929622663,52.402249473738216,0
18.75436497572184,-89.36881316499627,23.46091482281735,0
62.282049889257976,-71.66260579095253,50.7232147168429,0
35.129517076289545,-78.48199125408827,19.164437703139164,0
30.36084417957468,-59.022647382706104,-0.9692248085033232,0
32.11324089564809,-65.2988258038072,-7.3784342309559605,0
27.388097678079024,-73.16564620003092,5.279683624762363,0
31.58165509561099,-79.06045457958285,16.515699091888727,0
64.31472283968661,-66.03688490550478,32.75515629637398,0
42.53097171683171,-78.59454529598169,28.087939070235198,0
61.221708570217075,-74.61015532607406,36.46284787535386,0
60.482973849167216,-44.37567416186713,35.189797172812725,0
69.11214833538608,-52.041051992111804,35.6316524439002,0
29.265580039137514,-49.554390661858946,-4.7867412320509555,0
27.63235646656927,-60.45087718978161,-19.144242748508848,0
28.532730100571243,-54.15442645624465,-14.10626340347473,0
28.939063757290445,-59.262663976471345,-18.73092924952381,0
22.960926164622915,-64.2862287440673,-26.70075557332884,0
31.589455018471135,-40.71557198201284,-10.856756984619283,0
31.092645632924388,-61.68493106591906,-28.152676449062366,0
31.461599600559257,-50.66656430177931,-27.48915694618711,0
66.17136123485385,-74.08360625578854,60.23786388147695,0
70.74430876590488,-36.01693760328867,35.402771019652526,0
93.74138949854208,-44.24466466559669,35.58317022415169,0
84.90647703242325,-62.31326979653947,39.2929488937337,0
77.1030448862405,-74.63377162969405,43.81029539771487,0
33.47783136353277,-34.74167460127055,-17.399783355270063,0
58.83276252503346,-15.317872281286522,-11.555451216587633,0
67.08626915568452,-15.658915506128626,2.3877055397753915,0
96.41412688498247,-23.185973676744442,22.819809610434234,0
86.62508329420992,-9.982923330488205,1.5757938918480012,0
66.47795813096229,-11.258669944975304,-21.51102730866393,0
39.36574332677556,-47.911778361182606,-35.797306159913084,0
42.78049226678431,-26.62731035122496,-19.73271430963859,0
75.75573438978707,-21.989521365164762,22.579068589178036,0
51.90759287318197,-23.782697959382563,-33.61046148156791,0
-3.5375863103894116,-84.42619862882553,-27.401851732977306,0
-5.005117676608798,-94.41566582393632,-37.592857329231826,0
8.862360377881847,-105.6648661506152,15.457266646106985,0
3.850727587915801,-94.34855289274566,1.9616072912901295,0
34.13352246061463,-61.84938700946481,-33.43144812324165,0
-10.134747074059073,-111.77463297723443,-17.89101034751149,0
-6.677920504399946,-93.26900766142646,-10.827493082852744,0
44.75438763091982,-82.40926756525239,67.57703791129506,0
65.2815469217124,-103.88099358005559,50.85450551642944,0
42.65275251977621,-110.43986208736622,40.730819058191685,0
32.7923569184892,-80.3483011128148,61.57399142131924,0
55.16744167535963,-78.82309965134057,69.084855956953,0
27.777798006276054,-89.74598962436096,37.49485002013166,0
48.13341284382468,-77.13894190054918,36.652572014185814,0
35.25888066068173,-79.4406535330188,33.714488033345425,0
62.3148456489128,-75.69218524028666,42.80054461019892,0
57.43572365671704,-97.71721641556367,61.43493836619268,0
73.992434300801,-77.76708558031409,52.15438504087466,0
43.15041563488408,-103.9885445588784,56.7633112564917,0
26.729010319068006,-100.73838903502887,40.98479212680633,0
-5.30897042645959,-89.88426154800347,-29.389862152298573,0
-9.569275770026424,-104.27287454934762,-7.528511935161819,0
8.116154798331827,-109.13217561244151,7.725982681974389,0
25.875895913301775,-109.00602197308727,28.235011903574147,0
33.66261939421347,-115.11531268028833,14.678638156811338,0
40.63915519600866,-118.49629464165459,3.054467858009167,0
53.16075304718234,-121.12014967181432,-8.813345559141853,0
81.73154853509324,-110.69035677202885,-17.119881189066408,0
60.85925350417599,-115.76379264014321,-15.36589173069362,0
98.176837747296,-109.78750012193295,-19.868607673687738,0
93.0542226853992,-116.50581396088874,-34.754713705889735,0
86.42467025215186,-105.81670376310262,-5.083230989963352,0
24.776479936388,-81.55130899176369,-43.83402273807809,0
14.49406076569064,-79.0460528751849,-40.5222545465652,0
38.00740857012604,-87.69349643777946,-44.931018983600126,0
47.697020861995064,-94.24527729444688,-50.90859427405753,0
57.311799902414094,-102.9422500548928,-54.287279032228916,0
68.5407757500732,-108.05315245909588,-27.80096411116402,0
62.15787272675477,-110.94342496621552,-45.4127892492876,0
6.168869475293451,-75.37259123512634,-30.8919649323592,0
9.441437486422256,-77.91382987966756,-33.36454068846807,0
65.52597729499124,-116.55627373408993,-7.752998280532217,0
