x,y,z,Frame
71.94424667470503,-77.34310022045489,-44.11842530846555,0
14.767769092443233,-27.994889467218428,-17.890440437313753,0
16.65304459887959,-24.458151306129615,-20.8540480951996,0
31.78191128661751,-13.866256074978176,-13.672445102626575,0
33.86059528034843,-15.325562473890908,-3.073276225089857,0
16.65264590367503,-35.7095765000518,-2.4974966532047858,0
57.01302297884115,-28.490351905187957,3.5583637771610803,0
58.052455261059855,-19.17634778320975,-8.639934826893343,0
60.806818556771866,-50.262869647395725,-33.019417981751374,0
73.20725100829127,-85.90232826255836,-15.279714634532255,0
58.13771138545027,-103.30328925428907,-35.88352859466611,0
68.31165661838536,-66.55080573566383,1.2205364428719232,0
79.19406179408062,-69.66656116588875,-26.954974957079134,0
76.6912856334064,-45.879445794813336,-18.20358043897247,0
61.24116171102876,-82.25890227765997,-51.38571038817705,0
52.11032642350062,-58.616155298253645,-36.66411595439125,0
49.0603481199148,-17.394448102028427,-23.59228158169301,0
60.791449366923516,-99.84574872154386,-24.92452998169855,0
76.96748498123594,-74.4347019396738,-34.372086145191226,0
69.86826982629732,-46.28300910507717,-28.59774750825991,0
22.088655785740897,-34.46931093636867,3.9573050493097313,0
16.9769765343998,-37.17864365575117,-6.601528723825929,0
17.07674520864873,-39.87882889354278,-2.3634823218045664,0
24.582227013304042,-41.73204539745128,6.795263632519685,0
8.450764010200338,-42.988050715857845,0.03886317454563842,0
12.552212469733176,-38.870699613602646,2.9180355256935626,0
19.14739407101265,-40.45728676110202,9.226029548211248,0
19.20886838131728,-49.29600359821595,9.620877547158626,0
7.122712288917426,-48.925628900448324,3.3337132381365846,0
9.96897967365798,-52.965536569529746,1.548803264019642,0
24.701382996179753,-51.51584547849793,4.534397624328184,0
11.892997108788084,-56.48783462105914,1.888215216949281,0
30.68761187289932,-27.824704215890208,6.4246599477677,0
49.74929008027369,-43.316587444315886,13.196250050098818,0
11.431442364765752,-56.49366009254182,5.243070376223886,0
72.6696171195533,-29.327326090016623,-13.309829645423434,0
40.959481491717376,-45.40177444886844,-32.68931439546469,0
65.28778504978678,-29.05890757641558,-27.255964286939065,0
60.562839453652195,-51.716795400256075,12.390210233069844,0
67.05909493760947,-64.99651919804222,-39.690131562946995,0
70.60927819670917,-77.54080915611308,-6.876151557278294,0
79.23504371602482,-59.71650045328738,-22.687231989722857,0
57.292596520035495,-69.89951466900607,-45.06511067208783,0
74.76553121462054,-58.31673519267196,-32.31984118029662,0
25.615088432925866,-36.76804984961331,-41.341787198143216,0
18.37291278195877,-43.176284047307476,-6.876307878457214,0
17.967131662631566,-38.22949467052829,-31.76634537271849,0
45.39976856352955,-54.080379362526266,15.256785885314963,0
31.967267735334563,-52.00580487245499,7.7591657231304225,0
25.499448894036767,-19.310412913829786,-20.15806975134956,0
79.64896390847525,-78.5181546991467,-20.594507126492047,0
75.70055096557714,-53.24625974852824,-7.007644469052963,0
31.501095978896366,-20.99926487351186,5.626049961888624,0
59.94954036190539,-97.81848474081968,-47.87820901979898,0
73.93781698690859,-93.46585977450954,-45.281440751446674,0
70.2322049792964,-38.24450295932455,2.601827782953022,0
77.97497565047452,-66.9458068438739,-14.175219852162781,0
61.38167129886594,-92.28661121883648,-16.104771252639747,0
53.94970931547665,-77.06075789832501,4.848171585354804,0
48.9371005935501,-66.56104781053786,14.228929638307099,0
59.267916162881335,-84.70357001574851,-5.851147197329607,0
29.09880627708706,-33.04794336702792,8.778310849883338,0
36.657054470628644,-42.567027725131815,7.878483609253408,0
14.802304041050075,-34.14533375278782,-11.797619271139418,0
14.297437588845192,-37.64802613723083,-16.668986047419192,0
53.76190158873521,-35.78062252267829,-33.658128494670706,0
41.561719937182076,-19.004224208430905,-35.153985970074004,0
72.96727387044896,-96.92053323054262,-24.190667736323082,0
70.42662359800626,-100.9000360697415,-32.60573437185199,0
77.61647145851441,-87.591716938674,-31.040272066627583,0
27.903939142115043,-45.77711071807006,-29.218591268937182,0
9.987117868173613,-53.25693335036487,-19.825063468323894,0
15.779320477579818,-47.87787400445282,-30.876036968594157,0
12.877262186235022,-49.32769482260285,-21.662746446388848,0
12.55358596750622,-57.81692643956018,-12.570310427966188,0
25.6747071155096,-52.66227463550598,-0.3638559254697393,0
21.85348864181559,-55.176678765092795,-5.0836676986248195,0
39.01679687717597,-62.45573851990606,6.85822232931371,0
33.144672672887054,-54.38354163504752,0.9537676649540027,0
30.218249160037086,-55.597533506303876,-6.591475504569665,0
36.0713389367625,-60.999543072335584,-6.684303641747285,0
25.29805854555206,-54.24885613677083,-15.64211520421707,0
33.39185251243302,-58.38176072355577,-15.037248934719491,0
20.81463621490628,-53.198108223192534,-23.192655595771935,0
31.35325365297136,-52.70300074956934,-22.41169561712811,0
49.575217969538144,-91.53130277518028,-29.4363656007786,0
52.914243929207935,-80.40378338796596,-42.433261729235724,0
52.53889297348849,-93.31967587207608,-22.879955001338274,0
50.1915060481587,-87.60254011614312,-38.95244067540801,0
53.85440305334708,-90.94413965384474,-16.445433859421556,0
48.45583198691462,-72.67105609184738,-37.99808733716258,0
50.570079838342146,-86.58324394890597,-11.581709426565508,0
45.93416025039911,-85.86142106209397,-18.322253491522503,0
45.00101270082252,-82.91409229165116,-25.315127136237823,0
46.32241849743167,-78.31064380932615,-32.074682246879014,0
44.76675316493802,-62.73647749297498,-31.535189356189942,0
41.92071368599358,-75.22457264698139,-21.079514226807955,0
41.88190151516888,-79.12471678420751,-13.414330197982846,0
45.296452106996995,-80.3542530130882,-2.2293397932787813,0
42.11871057882259,-69.29240376423412,-26.506257632652808,0
40.76685600561524,-72.02264319017655,4.22813852917452,0
37.55209581500146,-70.34935275856716,-8.449307950828922,0
37.56185289767682,-67.34523500724133,-17.801572504198035,0
37.9722091824365,-61.29289671741023,-23.62463845177422,0
38.41428174130854,-52.2820605446246,-28.27166592763505,0
43.89510389372717,-96.51620360485971,-16.902935993456797,0
-2.361890887813351,-61.18502511847181,15.564091772749642,0
-15.87558538755341,-58.26290265201082,-11.039955590822283,0
4.665157759664745,-48.27260094141941,-16.31824022642321,0
-17.70176511732167,-63.95277166584314,-42.11650852462547,0
35.36156695157161,-94.5794580612773,3.1377427846883483,0
35.55988399814502,-93.71418080786253,-44.76114125686498,0
9.51881482133025,-45.094301400340015,-27.440945008326498,0
22.6203104298858,-98.59180046359586,-3.4694971267738737,0
7.259610027449919,-54.81526611835562,-5.12569217729618,0
8.141482364599879,-67.06939485442942,29.173909836608058,0
25.788611548955274,-64.15456845363983,32.392677198362485,0
18.97043133284551,-56.348271376751796,21.357961259168363,0
2.6932849359907283,-56.836389022154876,8.570784413900608,0
0.27636507708839764,-79.40557803192557,12.46651375617375,0
25.09288888177332,-86.62207238243012,28.217678560408565,0
-9.090856173340963,-67.13893288076729,5.3454154115421115,0
44.72433576752143,-104.06935983006859,-24.181081739028755,0
-5.456859786423958,-63.45658115911236,14.10895309037202,0
8.334959267025814,-59.99026064411361,23.365781514236414,0
12.389948955910764,-57.416616924092935,21.27412308667041,0
0.13549079884082235,-73.9251139730084,3.8913661968544817,0
7.75309321347837,-85.07473963097938,16.208243683472947,0
6.716884928066579,-64.1247104970408,24.43045597592639,0
15.529348278414082,-68.74062810533204,33.149015840877176,0
25.362660775271262,-55.969904172806366,23.482542612852818,0
0.5071510370458976,-76.48061947119002,-38.66169124435543,0
31.22973268504266,-92.70085755247719,17.627394841795407,0
15.068102569124706,-91.83627970309993,7.8219433944854195,0
-1.5373247938163423,-93.12137264651203,-13.959203904658784,0
38.984534444498195,-88.5634754777252,-10.26924915452628,0
31.510550731367402,-98.27574719044922,-13.781185452054036,0
15.740631018114195,-83.2148765926941,-40.927749240250364,0
36.61697373750549,-104.06825695280301,-30.773608439391797,0
26.54301843980817,-100.75490339190117,-26.734506571447817,0
28.44315776680928,-88.68623678315682,-44.34271283807148,0
7.563304107788652,-56.33533284984448,-8.003949060613357,0
42.99716473436548,-61.49337544244761,-41.01373415940837,0
49.32002871732373,-72.75152034195831,-45.666092383739844,0
31.802768362723643,-50.81682094444581,-37.96559319227839,0
17.73106516409793,-43.33702794886691,-39.10549474951001,0
53.508962703242176,-87.67869128728354,-48.65241642439616,0
11.989470536703385,-96.47641962028705,-20.452107540048097,0
3.6860730438257368,-59.05234809284434,3.029255132784684,0
6.814076699132756,-65.57324400773325,3.829107358063637,0
53.59263750382375,-95.49188344646187,-17.93323095049539,0
-27.991071950227642,-91.2748524470052,-29.450606148401068,0
46.624832017741134,-84.92536238583502,4.6733688397127615,0
-16.675335106143528,-65.58302995353199,1.3316595834936054,0
53.552979817699246,-103.13677413515259,-34.96399891775906,0
54.045900770355395,-101.83388098392582,-23.70767232528618,0
-13.838706780567033,-90.14176239122759,-31.835799429991713,0
41.8060914569475,-76.44452287678446,15.149990916538254,0
24.234073028808346,-96.67207565536462,-38.47166501508094,0
49.82722291924577,-87.62450616850816,-7.8130051502510645,0
35.66053963005304,-99.72045562292071,-40.56852915672816,0
16.839809353168153,-63.31315043482259,7.1738030267421555,0
8.795388828214461,-93.34162796063211,-33.71829267630555,0
56.581877118386686,-98.71978210141235,-46.5747688226251,0
27.994987989054046,-56.85631688152727,12.053775775397929,0
41.98588348120652,-65.23009806543818,28.232573016555623,0
6.810630183990627,-48.83688402868282,-14.565766845186678,0
7.874395100537845,-49.36101645796933,-17.79279552086465,0
7.53734230451006,-56.47419365118924,-29.985669563283082,0
-4.6836433571896565,-64.1672287907302,-21.305611793765753,0
17.441080991833907,-55.79575008692188,-33.15975195899947,0
1.4075177365118814,-57.25447678913078,-24.80938526331581,0
7.1348001774673016,-64.6289758898049,-10.123852119362686,0
13.972229422315733,-64.97214045931413,-2.5613481207687303,0
19.525471870150678,-63.56249456464786,3.473895498838711,0
27.302225249798145,-62.76854593879607,5.378023837863099,0
34.52373787781636,-67.3666217850277,7.2083446336651305,0
24.63207571916682,-61.56966959205674,-5.600576566958674,0
31.132078567655924,-66.25999206130426,-6.033805252209699,0
16.81525663879565,-61.460653839371915,-15.180668651223414,0
24.844945667136226,-65.25027669389802,-17.20506504657911,0
11.016871913396576,-61.58491613206352,-22.596113793896876,0
21.192143852202292,-63.327559014300185,-25.06822077597771,0
48.8101256491289,-84.67400453166384,-40.982838622635086,0
48.37625039570401,-92.76090559452308,-18.569227469518605,0
46.70345700198009,-92.34600881245215,-30.382898026421923,0
48.33512483794426,-94.87642126108005,-23.752780179299418,0
48.304988446618665,-89.94765457618128,-37.84931714227969,0
43.87181335164034,-77.39689984002908,-39.112615710965315,0
45.213858576328384,-88.84733785127668,-13.227413018228951,0
42.690538901092204,-82.56659170231094,-32.89496173054789,0
42.01965090998646,-86.30185160859308,-26.133110675689643,0
43.290690528608984,-87.824616472834,-19.712568607234292,0
39.74924935481854,-68.23522145227439,-34.10941138289464,0
37.57663383266559,-79.65917978720857,-21.889776866897254,0
38.595076495680274,-81.49941282379419,-14.239377290579936,0
41.988972318670506,-83.24749694192388,-3.4189836054834544,0
38.296541220006645,-75.97627224614028,-28.768689925619746,0
38.24237958283066,-75.67593929546214,3.7354669542478267,0
34.096786470661236,-74.64106470104683,-8.631218184456245,0
31.41494171198054,-72.31272727014242,-18.17774253925149,0
31.267240068105583,-68.50994994699211,-25.603312426880276,0
29.40036311453931,-61.06244965451747,-33.431696649338846,0
3.348200403358411,-73.3070100668224,14.478780266883394,0
16.359393318422434,-79.08115921734364,30.319006398555292,0
33.32271059462814,-67.38427606221738,31.302486843705047,0
19.83900338623983,-61.25431559549913,15.110128979280272,0
3.9686461564789095,-81.9147687880953,25.047936998496244,0
27.679085361305578,-60.25498228769395,19.662487103093454,0
16.374813482834107,-96.66248398016737,-11.057665815800974,0
27.79748426169344,-99.96348377986911,-19.511149756636346,0
5.59317180589592,-91.36335278026276,-2.30863326219553,0
36.45060591292193,-103.76051120863492,-23.445444612924327,0
-3.447803671116296,-87.79067007905809,6.579246099403372,0
-11.57596534046783,-90.60842528369258,-5.4392371560199155,0
-16.360912773763744,-78.5846207943088,-14.672823922114016,0
-19.911854503846616,-60.9203158562784,-25.33351902079734,0
6.762072903312543,-58.453830542167786,-30.445718523067846,0
30.394333893293737,-71.79768098715031,-42.581630955591194,0
18.874886486055853,-64.99539648195754,-32.15757631025861,0
38.256014566507865,-81.136066003423,-43.94875542678588,0
-6.287932367491702,-52.45641765655104,-11.239851063755763,0
45.84903631162641,-91.03934065603411,-46.200848514366925,0
47.230916102946495,-99.67713526063137,-42.06477819812647,0
47.570600736836326,-102.73941152796895,-33.54124987748075,0
-3.0819166826775755,-53.88677318048091,-21.805604867215134,0
-6.136962555487635,-82.21294680088188,-6.209357980654826,0
37.345376487863255,-99.8089497800142,-18.41129567880547,0
10.767629413713852,-67.0248616419511,11.568304954317705,0
61.94684153653595,-46.37240678163559,-38.49804494462665,0
71.53776508523985,-64.84599200170602,6.824187811096738,0
81.31073615372823,-39.79228609677485,-17.414388663820006,0
53.097357490838775,-53.395807302683636,-44.50459640166075,0
72.81543444020873,-37.53544936694508,-32.27595355221127,0
78.5942138142167,-24.8102919206409,-11.325918733145365,0
42.46099505889917,-40.66476026423633,-42.893137074276325,0
70.12716007005604,-22.610941140339,-32.37573731266528,0
64.6484231309032,-49.897721264888645,19.060899303562472,0
69.11033694971474,-61.094797619504654,-44.1103014066144,0
76.2563448268075,-76.51204935272142,-2.444010979464755,0
84.441026521219,-52.26030975876687,-21.58562616326849,0
59.80129248997274,-65.32302345922291,-50.06845967108094,0
79.75676643639446,-51.44998767449376,-36.55024317866699,0
81.01211032759838,-49.746531459908574,-2.781342431514727,0
75.24587094792678,-33.379745219542635,7.3440311101697615,0
83.48157377233889,-65.37772827153582,-10.691799042439055,0
56.112794651992836,-29.951314008458553,-40.82691882395271,0
73.7234117910626,-73.37413952369567,-48.919608843057674,0
79.1221852196879,-87.87131186603884,-12.951723996373323,0
84.77004600821331,-65.64524768829396,-25.863185557635664,0
64.59085812712776,-78.7370267368771,-57.05742626371886,0
81.96523031490362,-69.81121717880829,-38.83354145303309,0
84.76115544439018,-77.55325059259359,-20.45739331955675,0
66.90101922966335,-100.64178409121833,-53.54803521463858,0
77.8320395440224,-95.88369648067847,-46.352177540906666,0
79.87063915008875,-98.49043428171152,-24.177956498883844,0
76.62893907652018,-102.85208486660244,-33.46904181563813,0
83.3474421014938,-90.26370530200404,-33.699504800509715,0
66.94412025588153,-95.6548963886688,-11.73067552490736,0
57.47312538665676,-77.38885027355198,10.736911174098033,0
51.67805994997442,-64.94529925947108,19.410867830451366,0
63.23285986790125,-85.73348661355585,0.8774471923719662,0
44.3940515690709,-97.72771265198139,-16.479448062867426,0
35.417379463525215,-97.11673848292219,5.396400371010426,0
35.60458529135048,-93.53444796978471,-46.90740866514591,0
20.943045127063815,-100.49005913814835,-2.4489694184111555,0
45.31803367527191,-106.81962916845322,-23.680042409616867,0
-1.4878334944801146,-75.39174418676777,-42.14906438977636,0
30.74468482143653,-95.98468915029724,20.61301145498616,0
13.092696627522981,-93.47627618516368,9.249573877398166,0
-3.993231299989146,-96.02009224575399,-13.408431324735622,0
38.650165772429396,-88.47752874215058,-9.059124415101818,0
29.984961537951918,-100.6751819749658,-12.844786964532751,0
14.15872946569771,-82.26095604256219,-44.04585022396322,0
35.1637942843703,-108.0477408172085,-30.418450181935576,0
24.661988152260175,-103.19816321798487,-26.013767517570688,0
27.380551303152064,-88.02454698017974,-47.01925014942076,0
42.6743025942708,-59.640289627534514,-44.706844892842675,0
48.94233781690721,-71.54781866396954,-47.880992519954034,0
31.73443757139725,-49.562241510263846,-40.99878417372699,0
53.739792531954414,-87.96681612957137,-50.883350609634164,0
10.27847915760592,-99.3280680138642,-20.734122245657332,0
46.74712262822571,-85.72761490293232,6.2594113957775495,0
-17.815145471664245,-92.22189660716418,-33.543377502136295,0
43.35007226216539,-77.94118633340608,18.29084678340876,0
22.37480826151137,-98.92827973186914,-39.59412391553692,0
50.341421788715344,-89.25759323443398,-6.14632780477874,0
34.247314646405776,-101.75493540263561,-42.07158259838287,0
5.98154198056194,-95.12270188465732,-34.67368894150365,0
55.54923244783939,-107.24229168016642,-35.610651314381805,0
57.47534589942391,-102.09216690578161,-48.824397787813936,0
-2.831893502214041,-60.25950265599765,16.981348263189876,0
16.199744065119113,-34.840410621733625,-1.8873757499682147,0
22.8354980243617,-32.361747726474626,5.149798106650981,0
16.153912242272877,-37.08639279708724,-5.510958359019879,0
7.9699575741936535,-53.204425716377806,-4.5712093905510836,0
15.54649273525328,-37.4794998058274,-1.4651126090820927,0
23.603422282537796,-40.927849184513335,9.228125336089978,0
18.762125084142706,-54.61670378464445,19.981510486873137,0
2.722016463788739,-55.95837938845469,9.516981527079947,0
8.21509672629595,-41.0355308459953,-1.4909823855661177,0
12.92596098630617,-36.02640857052089,1.7579795795109974,0
20.247396592564257,-39.994756916413,11.05332685741995,0
20.64690675090536,-50.559729532014636,10.50713709608351,0
4.755611907240507,-51.42709708630207,4.840773065883607,0
7.086810749493495,-53.08354406708201,1.6727004709132793,0
24.96692078585949,-51.680769320739486,5.155333948400949,0
11.238308667677574,-58.35479833570559,3.502673041011644,0
-6.035446685550625,-62.68713426001757,15.21075984374371,0
7.242311498508595,-59.582429344077724,22.94479725145401,0
12.029066197296887,-56.2013722462687,20.99415072560153,0
-1.0194711201415454,-73.00358538204908,5.777876211677339,0
27.57001741965216,-55.97305343132748,23.056532521317497,0
8.986918556302898,-59.2653811038131,5.844058140413143,0
15.11125811935997,-43.911114759881436,-5.145998487976298,0
9.344361030871303,-54.136970861967214,-7.046776486735343,0
3.6387195861906307,-57.333696884657826,3.0520315599242895,0
6.365792486226753,-64.21751435564038,4.29258888399957,0
31.726635700874613,-49.93696496081594,12.173904117413434,0
15.85607836642228,-62.232850076146065,8.56494463416204,0
28.567156088062173,-55.32542672856336,13.562898377383554,0
28.129383585822623,-31.504005126945682,9.804021531958137,0
34.55817256216716,-40.848452710052996,11.882625760507867,0
14.136713024348083,-34.706111605206324,-10.96456330526731,0
7.872064679106742,-46.40431113270063,-15.349044007365855,0
11.324362979609054,-41.19625944312205,-14.868256855558837,0
8.457333863934837,-46.22497442137451,-17.969370978248133,0
4.927935382926814,-46.245630705337604,-16.21353106389838,0
11.644376267621405,-26.001186556981065,-18.959044570929954,0
9.805000336474189,-43.22459253833642,-28.954882518679668,0
13.849165673532621,-32.0472764060376,-35.06513046695893,0
28.449212347223515,-65.08429775043913,33.51809110416945,0
33.3219372973957,-27.898538778315988,9.69313842171545,0
55.19720552322617,-39.46696598258796,20.842804843533052,0
45.88589123867916,-52.810357888076624,24.930072822331333,0
44.650787936511314,-63.854722875621306,30.920699631428104,0
16.331841594011355,-18.49242281493212,-27.08750829602337,0
34.754249210117685,-11.052091410425888,-13.275720267944438,0
37.85452488167021,-6.0721481841387135,-1.8655832097378913,0
62.91745120783053,-25.124233491068857,6.8167529479966475,0
62.8504292164369,-13.499528375647518,-7.012706756011355,0
51.10062461356638,-12.48454177318549,-24.922286819699483,0
25.275269318583277,-27.29013553476756,-49.555521625457544,0
25.03122573891615,-14.029755414830829,-25.13389505512735,0
38.29292571907698,-15.430987017583632,7.256469783306319,0
42.805679652601086,-14.476490246657505,-40.95207553553959,0
-18.000641877953758,-57.905297806959474,-13.615455233784623,0
-20.998834751297885,-62.698592687647825,-46.808583099181405,0
-6.938810846572705,-82.44890771856356,-6.021396974883514,0
-9.249778215676187,-66.63284383602867,5.949900178253061,0
16.320768149333414,-42.34180482526343,-41.84119901778408,0
-32.06721079982965,-94.29847595979602,-31.83715869670827,0
-17.489447214366336,-65.32886227280285,3.774361772831701,0
7.507524033420081,-68.77474316639714,30.749211082867117,0
23.179600975290853,-89.67914963685016,31.656923452444488,0
5.550521027783201,-86.96400165055145,16.690055826127267,0
5.491543193917884,-64.18377465713776,23.84110395612913,0
15.615155802443045,-70.40632019584773,34.96705650816732,0
2.2986941013209163,-72.46356524276328,14.572549398262407,0
18.914738080739873,-60.88094715916162,13.490614745069443,0
10.222048887168441,-65.30819268000886,11.85095809543611,0
28.38856992447716,-58.363263220958665,18.98021475028505,0
15.005658297517762,-81.7457572145024,32.59835695342201,0
36.211752189567335,-67.31818254963004,33.68127876924323,0
2.463471837902302,-83.45667870194728,26.66950567893642,0
-1.452300575569804,-81.02467180730567,12.189691564389982,0
-23.047218780246343,-60.37923852326043,-26.737866388493163,0
-17.014497102522018,-78.66844676696097,-13.290032386819783,0
-14.945023596420002,-94.82276995039405,-5.810906677105731,0
-5.622155862491064,-90.09635024587067,7.933328180520357,0
3.956395928646477,-93.2399023208022,-1.735167070596928,0
14.728101792836334,-98.74003288654278,-10.710968551079203,0
26.876379174510237,-101.89116965929861,-19.00374966117819,0
55.579712069175415,-104.2611111697547,-24.380929236331404,0
35.336990479640995,-106.58612956970732,-23.335700371921465,0
66.0786255788231,-103.68371156530365,-21.965373351063743,0
63.43267458959515,-109.08062764399276,-36.393668440384346,0
53.51063837794311,-94.57790979421529,-15.706249331461889,0
18.210952055733472,-63.23080142194234,-35.202271563820716,0
6.274470963852414,-56.00782182550841,-34.21188179625845,0
29.953823991253884,-70.5606801910589,-44.90352627316891,0
37.779788781960015,-79.74599507040017,-46.424558497344854,0
46.32827085357906,-91.00885187689413,-47.70977952320109,0
47.46183420275706,-105.08363115754322,-33.339812807581694,0
46.9016475068533,-101.69767205563237,-42.7011652394035,0
-6.637098491609348,-50.83204315578634,-13.083723319584399,0
-3.3299604812839525,-51.65676680768335,-24.604583522157984,0
36.346773361024766,-102.33729304958642,-18.126362494069788,0
