x,y,z,Frame
82.8867708358422,-60.10810911709267,-74.67915349129441,0
14.405881368609098,-16.922177952990186,-50.574699292566315,0
15.07647229506823,-14.70441254482402,-50.693462563845515,0
28.28272831683664,-7.985167861532436,-42.572634172553016,0
32.110467012008556,-2.5572348968296374,-38.817039521376415,0
10.100677005501426,-31.091865890777402,-35.69941738446508,0
58.897364088637254,-9.076795745258588,-14.71253230486334,0
60.091207667658956,4.525371162678735,-32.59955246481426,0
64.62859086472005,-35.5527057318012,-63.68114163593908,0
79.66038197989423,-70.56283615408175,-40.46276845028994,0
68.09744881876378,-83.9101348480685,-64.56970179998353,0
73.58925804812061,-52.59650304062995,-19.708811142749088,0
89.2444985251769,-52.32366959025458,-52.899543016807186,0
82.7420907035836,-26.83982151048165,-42.97292832316397,0
70.07390964704845,-64.54673695496724,-80.88923215046854,0
55.215072063674775,-42.77245636386978,-70.87075577997773,0
52.50046566336949,2.606326510360935,-52.163414581099666,0
67.80996843413823,-84.9375887976797,-53.15314575367156,0
87.85340522154135,-55.54678016525329,-63.171074793654654,0
73.61426386922412,-29.452513122342573,-55.52647318061928,0
18.696231878558503,-29.111878430231652,-28.340458202933362,0
9.150182121267248,-26.700757852292778,-43.97183979684192,0
11.015753276798458,-33.79811899710299,-34.27614299230088,0
24.129484703698783,-34.405093258868966,-21.249045321068817,0
4.9190654836280014,-33.84317092459773,-35.142797835212335,0
9.098036765676783,-34.10392651838961,-27.026944790891076,0
18.437167847338127,-35.07134218575454,-19.053067487962334,0
18.829427396972015,-41.20491559693521,-18.218634626669193,0
6.346821392757998,-38.82436155384141,-32.236677907679415,0
4.4327411768634715,-38.53547022078223,-40.535834524461414,0
21.517068907967236,-41.48366348598248,-22.283804801135858,0
7.7973536838912745,-44.52493184308876,-33.91726165703112,0
28.257764060773507,-18.456189990960496,-20.13301324230359,0
49.17579274796587,-27.706698636548992,-6.779744824934726,0
9.416787887546677,-45.65579490831036,-28.58666632611051,0
72.9535007255041,-13.752445445446126,-37.951148440814634,0
42.16207022630235,-30.682030126913524,-70.82897006489733,0
65.99443760902649,-12.753611298414137,-54.9065617528471,0
64.71663637364898,-40.582116633291406,-9.730781461435704,0
74.23688405442397,-48.342572531885175,-69.89675968186384,0
76.47775039942155,-62.67223566561891,-30.12888267858521,0
86.00797008528555,-41.846521441585715,-48.057090508278755,0
63.93785848984299,-53.769156637491186,-76.67957764791096,0
81.01396076686673,-42.78289583615249,-58.578009769462135,0
31.60387202754625,-22.166251099881684,-72.3082489566269,0
11.215038610700525,-29.17383816566572,-45.14027891518272,0
23.905879516154837,-23.396177924017717,-64.70332384958431,0
45.030709211745325,-41.94069752370614,-13.325503680747902,0
30.711208740298762,-41.53874768178493,-20.98906293226522,0
20.657848513963952,-14.039941177363993,-44.313607167023875,0
87.50918725273095,-60.8802556459337,-46.475339765473244,0
83.34852015810968,-36.24192827656992,-27.799363319163024,0
34.61488825809643,-8.972621481231773,-24.818909905669226,0
70.56239004818397,-78.31536363676493,-76.3797920251776,0
86.69690510149583,-74.51265672923715,-75.85102214931464,0
74.22883431858807,-23.868707435258052,-21.28257100003235,0
85.15230638217633,-50.30330784502667,-37.6619731214181,0
68.19073647331606,-80.9235256456857,-41.24183046229849,0
55.627662009835426,-63.963083930994856,-20.609660939737925,0
48.54832471500559,-52.1052152093152,-12.225990471802108,0
63.813065770659286,-72.33434775348788,-29.607409566661413,0
25.854106113178844,-24.84498427264722,-21.197884836062453,0
35.40614046642672,-31.088818680602206,-16.240863561376067,0
12.505405088033427,-22.423905264249484,-47.79214940947747,0
15.27419683310764,-23.364984463167723,-53.04946272226388,0
56.949475047943295,-18.985583310205993,-67.23567062534381,0
43.27721176314793,-5.18557045132088,-62.67203440914319,0
81.60777444518853,-80.49936885195267,-53.47410041680753,0
80.31677267177204,-85.24867539193694,-60.84593438865054,0
89.84060071552844,-70.17879079896933,-58.95723522903121,0
30.69825970117076,-32.1878596246441,-63.467643415926396,0
18.200250155180363,-34.161544757339705,-51.517462845374794,0
24.98816488721904,-30.369621110374766,-59.783444138411326,0
17.9870944537113,-31.454115668473595,-56.461078125738375,0
17.758957258631135,-39.62968376965554,-43.558759623330026,0
24.878555213382665,-42.231767274732434,-29.244177046426678,0
20.684286767162156,-43.13265178425455,-35.53152503962917,0
37.32055111420894,-51.30520507777322,-20.48000137293213,0
32.19969959301704,-42.568113098600996,-26.433774418216128,0
29.031900734874284,-45.39027350716429,-35.72815175546096,0
34.747399711681425,-50.91035526193516,-35.48425820983242,0
27.327966692115474,-41.58009011088963,-46.1898051741204,0
32.587300215560724,-48.71820741459101,-46.723529321596345,0
26.706022255313133,-37.63558800356059,-53.58169791050648,0
33.31214521952505,-41.1879982784253,-55.71323250498572,0
53.83098346660792,-78.52691305328658,-60.70379836211675,0
59.657242175881684,-64.12682285212217,-73.74240098503786,0
56.13156818858202,-81.79391952712011,-52.069163266052236,0
57.05325126161894,-71.92463407127688,-70.11742971999524,0
58.024948516413446,-79.53462695597406,-43.851891320899675,0
53.29816013381652,-58.608617395197165,-71.22028561419368,0
53.41079539922817,-76.53314701263086,-38.24461140546606,0
47.32006862522036,-75.45318450897048,-48.41581063012606,0
46.313466057374136,-71.66820208335588,-57.275305196178486,0
49.32591803856936,-65.10322815414916,-65.07355001043848,0
45.629962902112325,-49.31048985769224,-66.9466125904513,0
40.64079845472293,-64.56397450949838,-54.20528681005507,0
40.848702249289616,-69.02552533655785,-43.694239253765524,0
46.0915204171359,-68.94253277946468,-28.791898427250516,0
42.068737699395356,-58.12206310587781,-61.344566653220326,0
40.16922631501393,-60.10776410336685,-23.085817066009756,0
36.37621455836282,-61.23965343518145,-37.93728145650901,0
35.82609315340205,-57.53420627175521,-50.79154125980024,0
38.058967137388976,-49.82898097771692,-58.01280482438135,0
39.9727633471663,-38.86443957571049,-63.84209814791117,0
47.463440152563685,-82.45979202930354,-43.561538619404395,0
-5.877770607465186,-44.31516053477246,-43.42111085098348,0
-8.302753349326837,-43.92629991077864,-67.89469728968105,0
6.399237635578569,-30.13965506321336,-66.23631658369135,0
-12.300981676740971,-55.45013678690019,-84.17638960984664,0
31.58353224884221,-77.63816435386559,-25.625405319913767,0
38.21122208603926,-74.68804070504005,-87.40103030545878,0
14.5923972337299,-27.310781962143523,-70.15003360949832,0
20.720358117132236,-85.78821552879792,-33.54815307624434,0
4.081407821835781,-34.530965281716306,-52.80424514713465,0
-5.023677358116162,-63.73733924424349,21.96160036059349,0
18.59270340222506,-48.98058202667703,22.272500223821304,0
12.666629762477532,-45.432021966642075,6.743680659938628,0
-2.08333974736607,-39.15150771490039,-45.82654219220072,0
-17.99319830386097,-74.98854205853351,-11.378031042553705,0
20.747089844200314,-81.61582799359599,4.071985911214146,0
-14.999381975449843,-54.33986353638863,-48.60366812198526,0
48.61487910520192,-83.93584390917019,-54.53282520640245,0
-8.40885286112729,-48.114492906116425,-43.49737420979036,0
-4.145929320430596,-53.75100614847252,12.33350876138215,0
3.5178171032524532,-48.50381608483665,6.976519724013309,0
-11.790471017575388,-64.12523149239064,-29.68519583672198,0
0.9048052558449342,-85.4134887484531,-10.741322093378379,0
-8.47109448556581,-60.06659879286894,16.100591997183233,0
5.449219257891366,-60.351514436087484,28.283173071425132,0
20.20235679697206,-43.01050749671504,8.319325753997656,0
1.3380256711639227,-63.77809684532428,-84.94446673710337,0
23.709236553576947,-78.23111180267038,-11.039021412047992,0
9.349439974357441,-88.53880656945518,-20.124320876736373,0
-4.5084046859942495,-87.54489676363949,-52.381195440437594,0
40.781298145272686,-78.79948279984761,-35.325584354886615,0
33.4398457612121,-83.93228295418825,-43.21107204819654,0
16.226534319386953,-68.18753177226877,-84.3058623904833,0
40.63218345007379,-80.58457520189076,-65.7601369910826,0
28.689887069173327,-81.7562055051463,-62.220563082584285,0
30.220130017913288,-71.31837330003381,-87.61879844776362,0
5.7935581624645,-36.06225499325143,-51.36804026367538,0
45.878457247838945,-46.00040636655173,-78.41207910427352,0
54.80956121788086,-56.031603069289105,-83.04151979572545,0
33.94838054994609,-34.96588510126249,-80.46067536625104,0
22.801941976163135,-26.778183930027566,-78.8770050835765,0
60.15505645477248,-68.85922564238166,-83.70881023080507,0
10.47613200653012,-88.14050816354188,-58.1450798876977,0
-0.09958198936054119,-43.91415581512093,-42.49980600097913,0
-0.10152271346233865,-52.89631291718324,-34.2453955857896,0
58.19427288903653,-83.85565855186685,-43.54704213450984,0
-26.590108347958882,-72.4257026451164,-71.00768917048399,0
44.35355725634745,-70.85124804428617,-22.121488194187123,0
-16.3242743590716,-51.92543141272421,-57.009122452088796,0
58.70834273497173,-84.18710084908153,-65.98934845024763,0
58.58423935902503,-86.831903245362,-51.525651142425026,0
-10.478522082997435,-76.66820653674841,-73.90706380335509,0
36.91102600734523,-63.85249969499658,-12.654723625912014,0
25.12704439396352,-80.64839883901703,-79.41443871113088,0
52.16744653511437,-77.37969398306764,-32.44127427814316,0
38.2931222662017,-78.75395714612318,-79.90991073811385,0
8.986484528823233,-53.032187410722585,-22.887434976675582,0
6.424181723982952,-82.26799954706492,-78.84140993048506,0
63.89953068910205,-78.11214052795825,-78.32894814461329,0
23.40380055710048,-47.68277684929604,-14.186936759786844,0
32.65458968888003,-56.69059827985493,-0.47109756646479956,0
8.173340636083783,-29.84925910160864,-59.640288756521876,0
10.572576948609353,-29.99994360632982,-59.17739599273827,0
19.714091397418482,-35.95729023142392,-63.702124590750586,0
12.004688742037256,-39.94111151310625,-54.497183010664465,0
25.448988197525384,-37.870529526327026,-68.89614388139634,0
13.746058995475225,-36.101857614887145,-60.364509897782725,0
10.15934322714449,-47.36046234607449,-45.27191775362303,0
8.904518353287367,-54.55553073299967,-34.92296249897915,0
12.34247756868734,-54.23466853790096,-25.994489315602824,0
20.550110186366968,-55.88734885056432,-22.019259253835926,0
27.179630557386766,-60.52322562734945,-18.38776574658077,0
20.00687009641083,-54.80933805764771,-36.273069605446615,0
25.21589514108442,-60.43433063579664,-35.94264149974538,0
19.594103641493717,-48.12884684153634,-47.227976380165764,0
23.473155815187845,-55.54936721425334,-50.302877151302795,0
19.362531085298595,-44.117329822620526,-55.44651344163232,0
25.966483795115504,-49.01305333646038,-58.81702021131945,0
52.9892200672216,-68.48335284858454,-75.75400461634109,0
49.41984307033359,-82.05134494243771,-46.697489126477336,0
47.055283917829186,-79.38198077016122,-63.16599759885949,0
49.22791239596347,-83.55227203908595,-53.35448067626662,0
51.756725000924696,-74.5867894936935,-72.30968570276933,0
48.14655327264197,-62.581938038876885,-74.80192046263903,0
44.80793189388559,-79.71471084965798,-41.10316254302508,0
43.89725242228358,-69.69192103025722,-68.11205308345018,0
41.0331684332408,-76.02147747750703,-59.61678760740471,0
41.23490469788188,-78.90255474550044,-50.41368860442141,0
41.194166749219484,-55.14549150640186,-72.14185509776203,0
34.219374435174096,-70.21083106468438,-56.045479111118624,0
34.723959903207174,-73.35726590109141,-45.22170471713197,0
38.52292006481568,-74.83471761245315,-30.72618593542187,0
37.85335824950419,-63.97551154358371,-64.81127870617976,0
33.55060068990986,-67.74440151341267,-23.23161602570371,0
28.68866945693699,-68.43466971340082,-38.906650287422806,0
27.939392436170007,-64.04710712209338,-52.00902912914036,0
30.798257808989817,-57.07919690493538,-61.540527781587016,0
32.614780256057585,-45.59131147540063,-70.8117520648345,0
-10.266089072006112,-66.87580749060344,-11.537985498536221,0
7.18746613163763,-71.98961244886118,9.610112877813386,0
23.720435956874386,-55.66821849081895,6.527955620767247,0
12.631108074254081,-51.303733702311014,-8.801526795826016,0
-6.354045536417947,-74.4144984194767,1.891289667681959,0
21.543300562275864,-50.4130857527407,-3.2798071570677623,0
15.50274472388307,-87.07627751781804,-44.32294933655907,0
29.569545298766005,-82.86599877795703,-51.93927077944525,0
-0.009221635253110871,-92.8066098752737,-35.08697297115956,0
40.27996847793815,-81.62572203358353,-55.87504420413693,0
-12.339055984341753,-85.72298552452125,-24.681002030843896,0
-23.0458855740545,-81.60712344712928,-43.52177361461076,0
-28.08928001711334,-65.3855441843472,-61.3714602791401,0
-13.174498168797843,-49.02123964182431,-75.89477557453262,0
7.061622162135893,-38.9788697161941,-89.87889802467015,0
32.4940048055463,-55.32040217713531,-86.40130605614713,0
19.449119883428438,-47.38110309011647,-90.12111847560767,0
42.49716081186711,-63.72911476612062,-90.78336011455309,0
-3.9305692363676727,-35.926088020765384,-69.52332850421733,0
50.25303216253521,-71.91313742566625,-88.47391041114753,0
51.220625924330875,-77.73482329298957,-78.2249342034309,0
51.45573788404003,-81.35773168668847,-66.91725873212916,0
-1.5434402270930225,-36.79369537368824,-79.05808001365504,0
-30.34345877906679,-75.95944745211547,-36.34232910561809,0
40.20893048355314,-82.5273488597833,-48.61714620580103,0
0.805370497342276,-58.07894608476586,-14.982004564400537,0
67.33332486806557,-31.164340574895352,-72.2381541443643,0
76.74359091900652,-51.445268522809265,-11.516323860796494,0
87.9976957509151,-20.749372085911844,-40.81439606896504,0
57.414710491059516,-39.10054728174007,-77.16245585906792,0
79.6830516134026,-24.014952196710666,-59.79361038505824,0
78.28819440668485,-8.25409030269547,-34.70319695442038,0
45.096384496978246,-26.472700686671214,-78.01931022647459,0
70.0925035228239,-3.829154677292049,-58.699534075439516,0
68.36217053078192,-38.23589965386595,-2.795584026851935,0
76.27597917179168,-44.77350064938989,-75.62122472619953,0
81.42572415693715,-60.25565549925472,-23.122996759060207,0
91.24995005234064,-34.58931558029812,-45.11846712691409,0
65.2222858782305,-49.709339045790514,-81.22277304855623,0
84.0105255614122,-34.89427890073419,-62.76717629193541,0
87.91848826001136,-32.22238218931153,-23.248828731977287,0
77.48204417027371,-19.503333230752308,-16.203173018773768,0
91.53225521752024,-48.03004196544139,-32.34382678586562,0
60.180504679203125,-14.669194123967593,-73.94529021851135,0
84.760090773416,-56.480568787382204,-80.08229683158996,0
85.3896149849044,-71.10185495877687,-36.82047362663266,0
94.40553825989592,-47.04739236876383,-50.89087018837741,0
72.80550404768114,-61.45230418214002,-86.35889612571806,0
93.24625749907624,-50.90451756984829,-67.45632362991587,0
94.24809708970676,-59.60135159798981,-44.35349556593917,0
78.49426200012643,-80.31047932044766,-82.94368024794,0
91.34883615650067,-75.88639011144163,-76.60147811511395,0
90.06080529774472,-82.19851980267299,-51.34273718755986,0
87.14801999362287,-86.00631666272726,-62.25957263491078,0
95.93142184873118,-70.65275936535468,-61.627422223444235,0
73.07782865498316,-82.42842800298637,-35.40846277150179,0
59.27223066843009,-63.63273066873449,-13.02910271039048,0
52.73359352863733,-51.55000846116046,-3.5412017809900904,0
66.76083270876232,-72.64179511464845,-21.92546863195307,0
47.96180815598874,-83.30238634934354,-42.20029294979494,0
31.282373743580386,-78.8314665253066,-22.65404337594475,0
38.248043074586654,-74.28023459654534,-90.10761143304482,0
18.76617189292457,-88.13507064722432,-31.872607753438555,0
49.21208593764868,-85.42526682750096,-53.657221611518864,0
-0.3806400693207299,-63.05590304402539,-88.21452636007714,0
24.113420709953118,-81.22450530029454,-6.497447924367454,0
7.334106008943096,-91.4044083033085,-18.17672433782526,0
-6.926925107923418,-90.7369242314262,-51.55930602814929,0
40.472535489910555,-79.34046727426876,-32.53698112163431,0
31.68965174264261,-85.72352290583214,-41.89781585810852,0
14.809916306880014,-66.69607626696481,-87.46252925445555,0
38.89122393915561,-82.03134645156074,-64.7234679462373,0
26.445213699583675,-83.51570757582371,-61.081230066778524,0
28.894331211156285,-70.4220875548702,-90.83720193636084,0
45.57366550632169,-44.41450293275943,-80.69280808741514,0
54.179615723790945,-54.866926375835554,-85.87216124391013,0
34.14216229821666,-34.21884444903869,-82.54316098796373,0
60.23974972066033,-68.9604832241267,-86.44708192528851,0
8.42765628246666,-91.17429226023266,-58.182023428008115,0
44.04895613654139,-71.15185602481577,-20.219383228949322,0
-13.387479916500897,-77.50964398756605,-75.34478097735989,0
36.75316712509582,-64.92223467538557,-10.38631468618942,0
22.61573198118918,-83.31162235015753,-80.92220080201348,0
51.94191011147486,-78.57633816152878,-30.25028792130898,0
36.29751541671947,-80.6470470022663,-81.47116524409353,0
3.3395986475302126,-84.14533513814189,-80.25484319668205,0
59.434987545024256,-86.79548420485962,-66.06250318433214,0
64.40326537643196,-80.19284495212206,-80.00335626213686,0
-6.29177815706801,-43.49168857371318,-42.46081510631644,0
9.55140903253225,-31.201707249844848,-32.70778115876744,0
19.670430841324652,-28.518646748019133,-24.872952951166816,0
7.939521560023509,-27.222802747909828,-42.51711755198869,0
4.247801692173055,-33.47083546559783,-51.73803732228612,0
9.732469454030513,-32.72975453626353,-32.37089023524968,0
23.667872106672043,-34.4490893585845,-18.453114046417713,0
13.240802130457306,-43.455449218943,4.766245964317208,0
-2.174577944343221,-38.871612316982436,-44.6017584286214,0
3.9746401510577742,-31.476900022254164,-37.4123575918303,0
8.220056606259234,-32.564488716860986,-27.972187411262915,0
20.4063494872598,-34.65191749017531,-16.561420337669833,0
19.74754254774738,-42.48975390380961,-15.74201644840139,0
3.735600817511698,-40.45674528460996,-32.92424904011148,0
3.4180965356781314,-38.74839172050915,-40.36393380476727,0
22.26264439381867,-41.97552665331046,-20.88754031722927,0
7.22608911325948,-46.78670899313282,-31.005965073534515,0
-9.384758057486582,-47.447510727005856,-41.95230145951202,0
-5.12458817232091,-53.04249319717558,10.728642414119687,0
3.546139104212444,-46.953139274570944,6.273922451840172,0
-13.046755318005083,-63.20018945126952,-28.205882507918734,0
22.6548659089105,-43.10779235803308,6.36814092192131,0
6.01526372353721,-48.21313939799879,-28.710755154046595,0
8.5935572499678,-30.074301543763504,-43.733943290118816,0
6.332737422685389,-34.524573733995325,-50.477618318831944,0
-0.20947411411546013,-42.66184483412894,-41.886964207817336,0
-0.21238968314504114,-51.57338906522791,-33.26406722781664,0
30.410171131326315,-40.50870731420097,-14.002937350083721,0
8.509659323826066,-51.94597214676297,-20.549369222934224,0
24.408246851924638,-46.19810472734382,-10.610277081448675,0
25.029262720593355,-24.828539753842726,-16.02297389297825,0
32.031950389642994,-30.633318474821937,-9.97184160837746,0
12.451572309114256,-23.206232529575654,-47.41835951943391,0
9.151896561473585,-28.02435901600742,-59.17647701427173,0
12.670177056153623,-24.823098759411078,-54.26083136504661,0
10.710049604864707,-27.875541640679476,-59.09767721451181,0
6.527854653910338,-28.435849085253516,-65.8941476143845,0
13.924668837693734,-16.705858023957944,-51.71594900754573,0
15.174413439538881,-25.71381645584284,-71.81087622593766,0
21.269123015087672,-19.735859730748913,-68.34906052364214,0
20.819586980903388,-49.92547375380319,20.732082549323266,0
29.48439977925505,-17.462999659583808,-11.235761463343547,0
52.252551362960055,-22.820662657743792,3.6510621504802123,0
45.31765995553611,-41.67433979137687,-1.8258825547234503,0
34.76382504508511,-54.43794352051039,2.1012725077802217,0
18.048929958537904,-14.265568954318637,-51.6210159457898,0
33.48775355571768,-3.64923255102493,-40.228578092495276,0
34.26031390715673,4.758422213979291,-33.17398371805236,0
63.222674936835595,-4.1632472859133225,-9.23567406271061,0
65.13275372679632,13.954031875114444,-29.653614673914905,0
56.60971927274009,9.868220059927552,-52.08699253855657,0
32.41752903950421,-16.62487144104406,-76.98775088793143,0
24.37771578781617,-12.070227495000623,-46.670071922400425,0
38.374822851366346,-0.381769698243434,-19.048063216739997,0
45.622187153031724,0.6769645331909635,-68.48496322688207,0
-10.909137215195754,-43.72253243538546,-69.92784362933043,0
-14.27047058524493,-54.998679840164016,-87.86851956720463,0
-33.93555686670167,-77.12874228284637,-33.84277818422451,0
-17.623337270333817,-54.487931175505764,-45.90827018353458,0
21.853450438054985,-25.414103559219445,-81.3098759789437,0
-30.623485445911125,-74.1429847847434,-72.67380071253677,0
-18.57380370221859,-51.38178772635831,-55.537912454665154,0
-5.367568290129347,-65.36821193851225,23.906537782051007,0
19.519202954970943,-84.93958863584287,8.5915810415574,0
-0.9868211178499202,-87.58492514082637,-9.907763583941708,0
-10.724597695425292,-60.46145034038009,15.717206329571814,0
6.085967464545475,-61.67246474219939,30.683531732770597,0
-11.361149081479699,-65.81472067574315,-11.964845059003332,0
11.88556241766941,-50.788087925105145,-11.190712680831526,0
0.9128627162601932,-55.92586497557809,-15.238897843150452,0
22.88952347124681,-48.263599699115574,-3.3511111883252767,0
5.744530474780187,-74.92230785304726,13.82835968175963,0
26.83047029631526,-54.77107661557279,9.066377604111182,0
-7.2421149310713675,-75.74831798108232,2.879503108284994,0
-21.11528928124732,-77.2234929199922,-10.997241692620614,0
-15.156031816742894,-48.46115233173421,-77.70269151495641,0
-31.462285418110813,-65.64462838611827,-60.04105140859066,0
-27.242411550599627,-85.38619395590474,-42.51169053866435,0
-14.16344498930037,-88.40478302960052,-23.188495871173885,0
-1.6936023760987733,-95.21500441983679,-33.978748467351195,0
13.943954339792402,-89.27420482343942,-43.81221717812694,0
28.52746664482688,-83.9326335235014,-50.94201580672764,0
59.931009558419916,-89.29937952582088,-51.08687739364728,0
39.06561063154032,-82.40376164034511,-55.207802576857155,0
73.97419823906309,-88.92361875329294,-49.33634647890325,0
73.34788647742029,-91.41428887660642,-63.99339214123377,0
58.023471183901044,-85.47598818575024,-39.00293861558372,0
18.85413308905933,-45.467090223382044,-94.47148398997928,0
6.012389291805458,-36.976994281439474,-94.80334968502277,0
31.82739422738667,-54.139901714846175,-89.7114375055543,0
41.86284471952411,-62.61622755974626,-93.89784261962521,0
50.62392528585317,-72.016186240972,-91.01051732759733,0
51.092965402063584,-82.43070935357053,-66.58717621303109,0
50.43763869008616,-78.91413978215589,-79.09003370939773,0
-4.282162861586064,-34.346337178546385,-72.1439313940901,0
-2.2108701851830097,-35.02010364957966,-82.32945678692892,0
39.11878339585405,-84.31778318876329,-47.83061717306622,0
