x,y,z,Frame
110.02005533307391,-112.77327113099497,-10.76365615100524,0
36.071289381591704,-56.473684013679645,29.420499171662826,0
38.747328740596835,-52.985176365434874,26.535682865943752,0
42.970317942027535,-33.302486780533364,27.12240432575566,0
43.650873506456335,-31.05935559217494,31.880373219800383,0
27.055575297783637,-57.31167979961904,40.27923683489986,0
92.93156533284169,-36.346623523607754,49.07665132308861,0
83.51843948092746,-28.607943147430042,28.407989791068474,0
87.52182374307789,-78.95649897644995,1.1456245613380183,0
117.87152933183354,-115.91027939188066,26.687005923887643,0
102.38992563997085,-138.98759897374694,6.8631490780477815,0
112.42226426172094,-88.36284063790734,48.17370455380773,0
121.80205474865438,-99.62657738942211,8.526681478714787,0
111.27730512710122,-67.48751709189757,16.690209729396802,0
96.8144804534532,-117.749129883298,-12.665391187799827,0
78.60363942085613,-86.17718427047704,0.15304861720555074,0
66.91478634040573,-34.23309834936045,9.747659048133642,0
106.66952260961274,-135.4649386810977,19.858980161496227,0
117.80933466052046,-106.17650953506488,-1.6406334690907498,0
98.42742913897914,-72.32885412695366,7.537288273655463,0
31.941485877490592,-51.65113405147991,44.12464880816481,0
27.248376434055697,-57.682301767570046,36.157211163565925,0
27.722039327421875,-61.11645938159547,41.80134700329645,0
40.10433557485544,-59.54771302594833,56.09573998676948,0
20.722724172921765,-68.76433277675132,38.40686785824883,0
25.89076566363668,-65.26581284691149,45.93544652699263,0
34.03617025201638,-62.59569069324256,56.229920810493205,0
39.53884543859165,-73.50207724247706,60.92997355146234,0
23.74636143479141,-75.62240674252978,44.81986147124006,0
21.82536512435179,-73.12017149792979,41.525023071309306,0
46.30075106680243,-71.52909168522393,59.58376852090479,0
28.36821284119632,-79.59300392006045,49.03667618786248,0
47.89855290037573,-40.96876423779236,40.571830637902536,0
88.99270602894698,-51.790033896022805,71.66956931281163,0
29.76408659931819,-81.98875373861522,53.963878990732006,0
101.72860248452668,-48.81424646085621,22.186417344132902,0
60.927980260371136,-72.92503308715314,4.667497789179165,0
85.72243600070657,-53.33930218479979,9.988277904616188,0
102.33697424959425,-72.01468849158451,55.43617450539785,0
99.28962794124102,-97.01812770939067,-3.524645339692773,0
116.39013951066333,-103.67143476197224,37.86329417302614,0
116.23323931847966,-86.27752046880613,13.151454896829064,0
89.56504231159442,-101.32686956281644,-6.021129314709594,0
107.37979815268405,-88.81317096666085,4.0008508732193535,0
41.473654780038096,-63.56664412670587,2.7575117279000123,0
28.723035490708465,-61.282957060662646,35.02568641952628,0
33.71223911628386,-63.10353830788449,11.279637859049828,0
81.85317029107897,-66.91533571191701,70.43741970178048,0
58.507516970498344,-70.5863949152895,61.043992694646576,0
42.68663094595283,-44.30121613162629,24.880196874507458,0
121.61073052964933,-108.20235860780866,17.47564964518695,0
115.24518062700014,-75.41445794066841,33.61858151553012,0
49.11747628341989,-29.993835414716074,31.664911780132996,0
100.80847111664953,-134.14973225348325,-6.1427270337909725,0
117.50464164811505,-131.47528656358193,-13.432685996935218,0
106.16858457314717,-56.63438913963205,41.2998063589093,0
121.03725057576568,-93.15517051836741,25.886053166181963,0
108.4335260322078,-125.47280453787488,30.99032929589265,0
99.08734009778506,-99.82631085503367,54.508400247368364,0
90.5976571923657,-83.20896343330624,65.05276181971315,0
106.42959420148752,-113.71830404997894,44.19334634597291,0
44.49748543361774,-50.791967790120204,47.23184901751647,0
62.50349904523126,-55.792727889259325,63.04700682487235,0
28.869946629959074,-58.371918533942676,32.08209838461696,0
27.894389046372872,-58.92220327400032,24.44874532920873,0
74.99241835357053,-62.20378607222495,2.899466939618918,0
54.82832243122414,-44.616050398004035,3.98782798941966,0
116.94106026891777,-129.66477914442297,14.460540419197763,0
117.9572682635761,-140.2238228359563,8.05316876525597,0
123.04250589918253,-121.25649257047654,5.0505035395886635,0
47.39287876119527,-69.58392444012294,15.295726617644107,0
30.755976108528255,-73.4812023148849,26.91578968865073,0
36.31329317271835,-70.77253034847429,17.948687585488056,0
28.699363583516703,-70.83382368579288,21.29043865167425,0
33.427365773080616,-80.97058139116264,37.23652263525166,0
48.73842697370722,-75.91104480837052,50.57050571126567,0
40.577878771338945,-81.6565315555495,45.8066307991042,0
72.28911571368982,-84.82981171666799,60.31913461192162,0
59.728814191519795,-78.06860293227147,54.109661699640824,0
51.562721996712746,-87.02277533562722,44.97635396250915,0
63.2267246435904,-89.86610485894977,44.209405813848335,0
43.793981282834565,-84.41993907768513,32.32609018077853,0
53.83480693873192,-91.03261356529036,32.039334629103706,0
41.49486143642864,-77.83225286948992,25.119578592031875,0
51.36239499052123,-81.38874389919778,21.30102701335101,0
91.16945557190841,-124.26596198346111,15.462348269211306,0
89.73801166978144,-112.33296105988008,-1.7584651382856973,0
95.34948262676428,-127.1471848791785,23.645062681510087,0
92.22660498241885,-118.14988436699173,5.006512786826063,0
98.59396961491058,-123.91347938691293,31.356667340007185,0
84.90912315481961,-101.81112414799043,3.8541303478656515,0
94.59414779322759,-117.4139806032663,38.16111667069304,0
86.62055046016756,-116.73489789388755,29.40898303660043,0
84.62402646989077,-112.05765302782338,20.050426626011312,0
84.83340099545337,-105.78151577425471,11.295254027036439,0
73.96067301265059,-89.24243550856562,9.156679755113093,0
76.0260193117898,-103.11049772086348,24.701560591128427,0
78.17388093715515,-108.49613376674128,35.5491613201289,0
88.23769140439133,-105.8986954196516,49.35926834061344,0
73.9399490533089,-97.05064454064932,16.40071935149045,0
80.22536265832565,-93.76196388142188,55.53957432736754,0
69.77418954013058,-99.90916591765529,42.52004712184804,0
64.34664720089133,-97.49491581257772,28.04247489848319,0
62.35437133962614,-89.96302425706624,19.533712128400936,0
61.20473724777385,-77.40750273124524,13.383495872009853,0
88.61619071929044,-140.6000013039721,39.68605497525519,0
9.240647284382199,-83.3630512254121,45.22770744572422,0
-10.318882499530394,-85.92072721256966,13.031319339490818,0
10.172488761269957,-70.47540436951303,7.078911802785777,0
-4.620778203069114,-100.62067747240387,8.334668827306292,0
77.66390610679157,-124.93596686229021,63.57772759462135,0
56.27483328780566,-133.71267220232014,-12.56196060150197,0
16.783702071213526,-70.0900543663507,4.356878766425434,0
59.42199817671226,-127.026477536711,53.311887803149894,0
15.269630716544425,-72.50857930851126,25.901805931963438,0
39.15853850737404,-78.98873837112433,94.01039710458673,0
61.83344902344421,-73.82317419706644,96.72784117124964,0
47.11407972809825,-75.1911923150156,89.15672528497792,0
12.737505769685106,-76.87063794871662,37.13924116063759,0
14.871305354195435,-101.17168740148199,80.63859492115546,0
60.48573363463229,-99.96571615621225,82.0292887647829,0
-7.11691047575503,-93.88573461445847,43.745522798810335,0
84.50171119773519,-146.1605648764206,25.875638105654822,0
4.351812035947303,-87.29301887173375,47.972799049483946,0
33.32334608223824,-78.64738204200356,91.28099270014732,0
38.51238900594808,-78.56603145685806,88.53297109027123,0
12.328066605378352,-99.51083716848339,63.001175156328735,0
39.42158145000599,-105.55376860756715,75.62690280597526,0
31.737671307907576,-80.60397463718266,93.81913034026817,0
50.644119013216326,-77.55748249391748,96.34286967142218,0
56.146288101241716,-71.17142980671919,89.99541056066514,0
10.315694932062039,-110.52450777241522,1.3079505841316186,0
69.85574261107541,-112.38247522557135,77.00693190570297,0
49.06219253683257,-115.25964561227741,65.33862090044167,0
19.353671121674196,-123.30223946590706,39.270743830907385,0
84.28939827016507,-132.76906964117646,51.1439490794603,0
70.43269790974522,-136.38882309727526,42.140116919372076,0
26.8777792430654,-119.79989212742667,-6.640321073738513,0
69.37239742353381,-140.45539785771558,13.697561959330258,0
56.029850103564264,-137.46332533153446,21.36159607499866,0
44.33965548079007,-126.84829908058519,-11.455540106928412,0
17.37891966137402,-74.61047802270593,28.75602324388798,0
59.97786615388765,-95.01722149875215,-11.56195386647283,0
72.72737119386548,-108.8069749705195,-15.803364754325328,0
42.19351307561853,-83.18900615302607,-7.924267583638841,0
25.414905090934102,-73.51194096153277,-4.192190536228043,0
81.96133564500903,-127.69513611411102,-17.248238223390537,0
37.313831926595995,-127.27332519432963,30.29001019691734,0
16.48546487517016,-82.18277261002935,42.44932683698805,0
21.891255288950795,-92.58825334503746,54.641374684820896,0
100.1692507770042,-137.08729635151437,35.01806774091608,0
-16.545403858150348,-114.39581399280547,25.602817539966278,0
91.96536296492917,-115.49172602420192,63.90551736444864,0
-16.710895648063612,-92.96699534428137,30.7373265519816,0
92.49552980849373,-146.4434823357885,7.82278394790304,0
98.07275680848839,-144.94286303074043,26.156952286601513,0
3.3548472594644063,-119.39282741704322,18.18964297528086,0
82.1383791475875,-99.9279517920097,74.94465063699239,0
45.07569204880414,-133.06550641984686,1.6949437427750174,0
96.72853565936268,-125.92656229882733,49.424132509961105,0
61.09875966736496,-139.53825037163045,-2.9003330369031963,0
35.36736533645027,-90.33139479461602,66.35413926504711,0
24.487694139327942,-125.28561716433911,8.636213678261958,0
92.17358336818265,-141.70629778277947,-9.999943691455988,0
53.93850945926805,-78.00388311590231,72.64832079392893,0
74.30153747951911,-81.77323913498154,87.7213976591854,0
14.82825754676081,-68.76098428300575,15.615031546250437,0
17.006962409099202,-69.61072259001214,16.87757527151551,0
18.71783788017299,-87.30605659879235,9.356129622777825,0
17.099828556494124,-87.12370096676902,24.602213599481285,0
23.67798271352083,-93.7695759626918,1.4664182931061631,0
14.1174398065334,-83.67216118915442,15.326499039907837,0
22.900749810149648,-94.2695302929781,38.219006794663464,0
27.500522092953236,-105.30338463611115,53.15670800397009,0
35.585064198125195,-101.04952619564376,66.50252448391555,0
48.41629352010117,-99.63397475779433,68.50912566010628,0
61.25321616443682,-102.53909980221087,68.82374052931425,0
37.85995676304631,-108.00209674160436,50.8210451739508,0
48.01281221444387,-111.99728366423415,50.442121890287865,0
29.11915495102392,-101.79768865268889,34.199787254880654,0
32.23067378509328,-114.82264845219852,31.585479531250858,0
22.363746126664697,-98.72550622155194,21.643594271535008,0
29.72198588319761,-106.63973712710406,16.578429134396803,0
77.90738582156533,-123.67266712309929,-5.080207160811049,0
89.51182285567188,-133.79902502230894,33.60240348695658,0
79.60905523925173,-135.13846218194857,14.026175137493002,0
86.8283628242229,-137.05982934807497,25.91457508062387,0
79.74193934311332,-130.27324386263956,0.6985265831727485,0
69.450089596569,-115.08327756543532,-4.888764054540594,0
85.39001751306512,-127.89721788524882,40.75551274106317,0
67.7943187408131,-125.17347787531558,5.267428151262882,0
68.98213806603424,-131.37695295637195,18.513189484732717,0
77.08808275100063,-129.32875166132197,30.63336848201265,0
56.32420791929882,-108.35724533532608,-2.82848829491279,0
57.09710943607565,-126.33222404949817,23.335769745419086,0
66.59903160527382,-122.87470183746072,38.285167812575146,0
79.38272707374264,-119.12203228976392,53.396150617736666,0
56.720886852669445,-118.60957331841408,8.681516763398658,0
71.40149271342729,-109.92993887958873,62.046929985579375,0
56.750879628146805,-118.08636559285992,46.423850048556055,0
41.79951958261451,-124.34952487303732,29.926960204162004,0
40.372248193715386,-116.01718183244226,11.52894517078375,0
36.20114020210325,-103.67970325848545,-2.2607885006185433,0
21.489767662610127,-95.52765266971599,77.34600026350631,0
50.78413535582747,-89.53559817867762,87.7657253413018,0
67.3532553168277,-79.55436786418042,91.59274805744535,0
43.79442775745181,-83.16859003686903,77.65780622203675,0
33.802931377642686,-94.22689949087386,84.91462194522042,0
56.68060509973921,-77.46609750752565,82.05097778676212,0
48.30279406854593,-128.57532081769108,42.58897675264597,0
61.409756447093756,-136.931098387001,32.761269701617245,0
33.49039225437873,-119.19388386176287,53.66461879188562,0
73.09861135666242,-140.9142428198859,25.679513929315945,0
18.900300405639364,-111.2506969811673,66.9631061017414,0
0.2553934754439101,-115.41052529713531,51.37282878637788,0
-19.98415145084748,-106.55464181478514,34.49100475358291,0
-13.160194421492797,-93.42445310313462,10.720121630264563,0
10.240513290682722,-89.8596771838497,-1.4770032132553395,0
42.05457058999575,-108.10759488319857,-11.866702641716707,0
25.267012096088834,-98.56028400493348,-5.505296672722536,0
56.086869985101615,-119.51046554929621,-15.832344912726997,0
-3.1847384745910015,-77.71631991243235,6.410064922216585,0
68.99811121423807,-132.91004486731407,-18.382127401243228,0
77.6770199339887,-144.0173378876102,-6.131550424217563,0
82.79362908056927,-145.77981172190908,9.309754515936067,0
0.4108558481311012,-82.63848823640724,1.9035512357751536,0
-6.243861546239319,-108.26848306968171,59.093628882853835,0
76.13849613129683,-138.64881549811722,34.137313844275944,0
30.43561910145776,-92.47183468597161,73.68891187361041,0
85.99107560209299,-73.71653621559084,-17.111593196950643,0
125.70931735816637,-84.95829700119529,60.240298950334555,0
126.07358348596307,-54.586362597093895,12.91794508623737,0
73.39831323860419,-82.9518674441279,-19.358620271522287,0
105.28107719951234,-60.16179826354374,-9.325116270820947,0
117.9314430207056,-34.112944386391405,17.859316385241527,0
55.99606679614624,-69.09296945305917,-16.11034023253903,0
92.37570038951941,-38.36942044320132,-7.721089385236276,0
116.25853569917471,-65.76491246328682,71.6951378891989,0
98.18441798460415,-91.92214299433589,-17.707880541152694,0
130.84143232136498,-102.62626165624117,46.782595790616035,0
132.47219338207785,-74.44655251070445,8.855813298508565,0
85.891285101381,-98.67332917880672,-20.722111944180327,0
115.97979440502787,-78.02200067466252,-12.106613815650304,0
132.40905708340577,-68.08037252838363,38.749043857051625,0
119.57633392993483,-44.12352230648906,49.442542307923055,0
137.80908512687472,-87.8884506675052,31.03626883485777,0
72.77088940698607,-56.58284289461052,-17.6075416083098,0
110.55616317743697,-109.86375329374225,-20.902981223179378,0
129.97479577594032,-119.41042487440296,30.44030489339425,0
134.27696213293237,-93.33514373216532,6.028630129825806,0
97.15880792263081,-116.13017460185839,-24.280513588991145,0
127.23812069784326,-101.88516230858923,-13.304563492908807,0
137.3065248774074,-106.72353212892666,17.544800410192547,0
108.73418267412784,-141.10107676155505,-18.22028861571359,0
123.94328897559143,-135.64659044301777,-16.778150372059926,0
129.93304781555068,-134.4644905907574,15.464412908714984,0
125.31948545191722,-144.42282752726368,3.7093169022639283,0
135.42454130514204,-124.97800911505301,-1.4614018034413454,0
119.60977909767563,-129.44131227661734,38.90816890319903,0
110.21104599549857,-99.72831696858132,69.84953132362143,0
102.35505205481059,-81.64372493135674,79.84372009916036,0
118.2215923334478,-114.0611370371713,57.10674588265343,0
91.00357554467071,-143.74392138086145,42.02652847255571,0
80.84692610565295,-127.7582990660849,68.42717336117761,0
54.86506966212951,-134.22234699383642,-16.788162590311558,0
59.21389574757333,-129.28827894936038,55.75743783841931,0
86.50291273233162,-150.24490918479472,27.47829723178514,0
7.014711773205808,-110.61507070742066,-2.2865854053126413,0
73.13917635378303,-114.238055257793,81.36260277951536,0
48.66381005657584,-117.22631951184667,68.00615363930444,0
17.771436363516912,-126.49885297053021,40.90189907670076,0
87.06447487275977,-135.40916277412853,55.84041368744871,0
70.11634624817542,-139.36008781340166,44.75119921267917,0
23.329065096924403,-119.68091581078093,-11.308837314303302,0
69.21740554966013,-145.58637308890704,15.402446425415102,0
55.03671831564903,-140.61969994339668,23.620121492692085,0
41.02590980960792,-127.04171809670656,-16.158923269310765,0
56.55424012394823,-94.50031994219796,-18.727275112414574,0
69.49202886744644,-109.14721123801873,-22.154085019785473,0
39.568536304205466,-83.73933543408728,-13.058801004927812,0
79.8116206242329,-129.21169152649796,-23.362078516725685,0
36.41147303946912,-129.7239942440116,30.96970631831842,0
95.20207765836808,-118.46036326705989,69.7481113707286,0
-0.5831177732591927,-120.52134659221224,17.260870781374706,0
85.66760831384195,-103.45469665335871,81.71643153353995,0
42.65469106053816,-135.58245276358778,0.8393043622381837,0
100.5673697620161,-130.26728408008083,55.40736690164744,0
58.978440426561015,-142.1759746151283,-4.169831084563168,0
21.454685700600933,-126.72411614975273,8.22934721745402,0
95.44427350791108,-154.59608672296295,7.3197821304429995,0
92.8495398147964,-148.9472816656007,-13.571150033751504,0
8.70755749607136,-82.11369252780504,45.727455165035366,0
25.076022649293087,-57.37552002843394,41.254828503934306,0
31.288328058567366,-48.40886195747803,48.59028218539611,0
24.554261901794117,-57.75799338010157,34.64748222929201,0
15.500542572818352,-70.69251077319852,26.199389848387852,0
25.957102771479125,-60.401547946602776,41.817597013155805,0
38.739499861760635,-59.16074838658736,58.529942504589414,0
46.12650649936193,-74.29007574096542,87.61205526774188,0
12.913203414525782,-76.21515074871623,38.157297642146006,0
18.66317867010647,-66.5370380210343,34.81628293700591,0
24.023056800452714,-61.665307937776426,44.23061404326437,0
35.44085256846377,-61.30682664876207,58.727595938643994,0
42.40659856956526,-74.62954691049315,64.57936239742226,0
20.91522933973778,-78.13673875776048,45.13572501345298,0
19.763694399121437,-75.1159550062896,40.40415473096514,0
47.25649854711704,-72.77645507487583,60.78979828183191,0
28.448911047740808,-83.00642600962317,53.107517215222586,0
3.281169618538012,-86.10095913690847,48.99427747150232,0
31.322380964663758,-78.53528295234369,89.9208677100195,0
37.84801268437691,-77.62243580365612,87.63626400711561,0
10.64634951556694,-97.99613157889769,63.99518723443581,0
58.58956858715768,-70.8228206845762,88.75136792601559,0
26.811822067367196,-85.94700715938252,55.54013038360147,0
25.272628789170614,-63.6900779723611,34.84875515285021,0
17.549806528553486,-71.96585709064337,28.443433294148615,0
16.27179572281719,-80.49875642357007,41.98585774953999,0
21.818735004832202,-90.7871383474755,54.87094190700663,0
58.35626112336652,-66.71825866214532,68.3532243076543,0
34.962739772872496,-88.24876706823402,67.92075660189053,0
55.19146413687948,-75.39200927842327,75.99672830491869,0
42.42783492780073,-46.83647441741088,55.54168875562184,0
58.043343461250245,-52.9122526383546,70.7540721029875,0
23.259179091362395,-56.66961534431545,28.4871176991525,0
15.095697215051416,-66.10465102468667,14.958018294166491,0
19.69575027151714,-60.50382519105599,19.890229730294685,0
16.80842081418633,-66.30095981818695,15.483803974929208,0
9.434284615877655,-68.0262561015522,5.824250498069348,0
25.62070283750618,-52.59989329897171,22.283944691447637,0
15.213821131903547,-68.375304206042,0.6170237537589587,0
23.94890541357086,-58.83218674123129,2.4194705773503897,0
65.01206897737407,-74.6061726360369,96.96105312721177,0
53.6724362688276,-34.37816717373255,55.07705777037625,0
99.2866909163225,-39.7193306822664,85.47036080540877,0
87.33560383459759,-60.49327108230317,93.38119619837607,0
78.06930619345367,-79.67921682055251,90.99092833322761,0
30.467034768412073,-47.2313881647438,15.34814218091309,0
42.41532777048557,-26.5178708215099,24.810128699549182,0
46.872455300320404,-19.652156694048127,34.59009656734803,0
103.69455290324947,-21.40839031310721,55.75719022662745,0
91.73462094138071,-10.523992623872955,27.924575004802634,0
70.09696938701607,-20.074505904137073,-1.0603380429163,0
33.35616825325877,-56.43373148700321,-13.167182970052178,0
34.513492331345105,-35.93461706279897,12.305859414128221,0
59.79012209974299,-15.240961719682922,39.07040428448313,0
48.90782134242942,-36.29158990576464,-11.682041474909704,0
-14.311438140337195,-85.94793025858013,10.871727125244607,0
-8.140171062032124,-100.8818014276441,4.860132152334168,0
-9.147296741393397,-108.07720821282173,61.55418742893465,0
-9.659442730481619,-92.90909083562367,45.87455092423725,0
21.008530669414146,-73.4893692308746,-9.227562750223868,0
-21.35593726724468,-116.183939926048,25.153411627433194,0
-20.391798280389114,-92.11171875413461,32.26571915591159,0
39.997662324874064,-79.16049583358809,94.78593377746466,0
61.41004100660852,-100.8862597050546,85.16770377306061,0
38.70913897890017,-107.24059119481718,76.9428002224663,0
29.102734392768618,-80.98907011730829,94.13276757603933,0
52.30610573958674,-77.82864974692808,97.60289128820826,0
19.745065567744362,-94.66194936094783,76.68210241842431,0
41.929644998624624,-83.63109089050918,75.50111122947919,0
29.7216639538411,-90.5949728052773,72.78587144835839,0
57.341551703003496,-75.87972638979133,81.79352812542466,0
51.28529907176389,-90.60253451916545,89.50331603690856,0
72.05832030631191,-77.92963920698786,93.97829070880947,0
33.6662985162686,-94.44560097752519,85.88336439780085,0
12.037731459157264,-102.38735654941864,81.47560947308585,0
-17.08943035742507,-92.9412776611433,8.206789828300353,0
-24.44350492036533,-106.58653520756656,36.21770664736729,0
-2.9111551203158155,-118.45653655332326,53.473818900615136,0
17.76547139878242,-112.97322577139097,68.87229323136285,0
33.064535017692975,-120.76459500084208,55.16806661428774,0
47.861524649247954,-131.08653773629374,43.886320876753715,0
61.73402889508878,-139.79287016112525,34.527481471155276,0
100.87705340014872,-150.2134041626459,26.821257964030426,0
73.09772293766282,-145.06599590832317,27.25736012581748,0
116.90133990352267,-141.66568464323169,23.775550420654323,0
112.33013354715847,-151.3661058071358,6.774474159169245,0
104.13131358143524,-140.00025652116202,42.072677154129664,0
21.972670232921395,-97.43711845693025,-11.010350561278754,0
7.002622481341694,-88.55051552059179,-7.251025454010761,0
39.36835794049275,-107.53225431124729,-16.460740776749372,0
53.3902741181179,-118.63858413332133,-20.55077224366876,0
68.73356248763065,-133.29090544147314,-21.24879438781178,0
83.30181273525363,-149.56421738659728,10.224920616137632,0
77.37419807143125,-147.1747929432335,-7.186377016188874,0
-5.086346697921418,-76.69604090266292,3.0838203862789126,0
-1.6921475801578083,-81.50290089795583,-1.9143694831895934,0
76.60586300731761,-142.86788532194365,36.271997417824224,0
