x,y,z,Frame
49.532802533110875,-66.99589685452186,-85.93215653922428,0
3.2747059353211982,-22.013950233713377,-34.000331487264155,0
6.877018607817983,-18.14005807266702,-34.83700678101743,0
22.675231218118107,-12.238523228017058,-26.896161467760347,0
28.567333848020812,-14.066788326299077,-18.383287839371977,0
5.659937040506894,-34.04057813603253,-14.297088579134812,0
59.635223901885574,-23.27618050157497,-10.111798098190935,0
53.493821695126606,-9.731562737979438,-27.740782688082017,0
42.060088702020956,-41.95800694593251,-65.8267603521265,0
60.92219441285947,-83.455780054218,-56.672217469321325,0
36.02636819552932,-91.8134864631799,-77.63335592771705,0
61.72504388130795,-65.21863090848201,-31.365205522273435,0
66.09703525862435,-64.62432259799172,-67.47484977065012,0
66.26322730334462,-39.700622038854775,-50.81485725658204,0
33.88167469101341,-69.60111688144914,-86.86097939709,0
30.06994858616091,-47.73985922554959,-65.18257078825971,0
39.522767025698776,-4.072924008207013,-43.64223331274027,0
41.40158411619443,-93.7315968798665,-67.18434740981263,0
60.13963235011994,-66.5073736333144,-76.9536368676114,0
54.29592028863813,-36.61259518627866,-60.65024396171621,0
16.494049681638355,-34.87956068384798,-4.862993202486278,0
2.688573612109525,-31.444702310792405,-25.791266388513748,0
4.90508357336214,-36.11627480737333,-14.562609102153006,0
16.92983073491258,-40.228465515637474,-3.120678951714505,0
-4.794216228233004,-34.06668012375609,-22.402961326328807,0
1.7066464876773868,-35.61465967402591,-11.268523822691458,0
11.145935616957766,-38.58005246426525,-3.426527788726124,0
9.630261591255158,-46.771217553452615,-5.4713152312591635,0
-3.8388482230227634,-40.365480542116174,-19.63553107409708,0
-2.868173111486172,-40.53401827822163,-29.568837387536693,0
14.093709911604892,-50.13951698007489,-7.474432765576239,0
-0.3385698509987166,-48.62005242171518,-22.202835790882393,0
31.08064863555267,-28.32956533545198,1.7202453293565667,0
49.65920747903082,-43.451193366747596,2.606326110659873,0
0.23395374498997884,-49.63592540607241,-16.638518374470525,0
61.957656650373764,-24.67758762948559,-39.6724071280533,0
17.15651694235767,-34.512366393140454,-65.27993397100843,0
50.81881398090863,-19.263872532174965,-53.93353114982432,0
54.06086177486978,-53.707671964326565,-20.096111630145096,0
45.726889542554176,-56.446506090091326,-73.18770474653424,0
63.40407155187016,-77.69947270771192,-44.14515091797226,0
66.08171926256284,-54.09079640921231,-59.24081659082552,0
33.30198139423434,-59.184588675651725,-75.12276772995332,0
56.74254005369605,-52.8558566616835,-66.41930798253723,0
5.46990825345509,-24.236228488308264,-60.928943046140766,0
1.7460558173953213,-33.63975449866124,-30.621109368422896,0
1.5421350868228485,-26.65809828197066,-51.79167729070799,0
39.9026668478088,-54.201860890983085,-4.626213280161189,0
23.078016669674568,-51.89483512940689,-4.521186879272725,0
15.139227459571071,-14.916175332986159,-31.772916997323424,0
67.16202120655807,-74.53465661903762,-63.22297669596251,0
70.61435908563126,-51.30667487337528,-39.60250504757371,0
33.40273365085012,-20.586952072889005,-5.046520228039569,0
33.24764027819541,-84.4476307444049,-88.11434076830838,0
51.11399182576972,-82.05912013115555,-92.73094599867356,0
61.18274655157176,-38.2296761637132,-28.667417618631767,0
70.13129233077315,-64.33014160612197,-51.73073860512633,0
47.170566194337084,-89.565790467326,-55.54966791514922,0
46.227460637451166,-74.2109726587902,-28.01046232557449,0
42.96430663865526,-64.10794020688144,-13.99940405195967,0
48.85444327413824,-83.79270566516755,-41.114513092685996,0
25.978241297120185,-33.89442642782696,1.3499345854621976,0
32.239274984524044,-43.30507364820104,1.840743577986697,0
1.0202214202385218,-27.520654902741402,-31.461081288437047,0
-0.4963605270566833,-26.835569827344838,-39.96408800770999,0
36.001275404291185,-22.022752325964042,-66.16630296672355,0
25.04722005131324,-6.2623443776761665,-53.84199136586506,0
55.61210775588942,-91.58925671117473,-72.36624313617497,0
49.101963537210565,-93.6700166277807,-79.20549082527484,0
63.35429719022962,-81.58969074683087,-77.85142541660196,0
7.451591869249675,-36.55712663690808,-54.622090518414886,0
-1.7004421805434953,-39.30436723044193,-41.52267250282799,0
0.8367700694604295,-35.627438613087236,-49.48105462604329,0
-0.9893276712015506,-35.66584526033184,-45.37412593799508,0
1.6667830755298145,-47.56189126526289,-33.85382273807269,0
13.291193208623145,-52.459857121794535,-17.35827333348041,0
7.220418963680096,-52.931649332466975,-25.736933497921598,0
28.97957558936638,-61.22997345508825,-16.052316303849043,0
20.842363531451266,-55.185827384891084,-16.712902143230224,0
13.764065797178773,-55.58022508313536,-28.29689956070677,0
21.21788356539487,-58.733589029821616,-31.667429983292205,0
8.394680479256664,-49.7101942525092,-39.03906572892217,0
14.338063409154715,-54.75774550597585,-41.7918166331755,0
5.380446265620795,-44.05035196261453,-45.37679610060395,0
11.289430431108658,-46.394849494135556,-49.48381294948524,0
25.38450064041699,-83.6386292327361,-66.17456122258298,0
27.551836479187013,-68.82051180219774,-75.77629833761114,0
32.21981613576421,-86.43492790114506,-61.173624785005046,0
24.0992270464204,-76.83081789928531,-74.94680564743747,0
37.799291674224335,-85.9656735285263,-53.99038039323429,0
26.918180094411877,-62.453939254219975,-68.03990101526668,0
36.640478079469005,-82.1413994915973,-46.80505944528912,0
27.937187261689942,-79.03443170457332,-53.28240591390939,0
23.763333583095115,-74.7277039150906,-59.707525612285224,0
24.85432290996622,-67.79526259571726,-64.23682563143056,0
24.170374435278266,-51.82277596265952,-60.59361993416605,0
22.72034998732899,-66.15002096272126,-53.23266329085626,0
26.887988631695848,-70.46595067295513,-45.85046160074729,0
34.69900028976243,-75.77530718173576,-33.61665845704734,0
21.613508784116327,-59.9389398896138,-57.54494682731013,0
32.255734538018224,-66.95430370300592,-24.172896169301602,0
24.960281377884304,-64.39507275421825,-37.271449230162105,0
19.570974338720042,-59.46395009692453,-47.90999292082257,0
17.938799463184264,-52.67794406478218,-52.724909785575605,0
16.832199217776886,-42.49961113441103,-56.97328252309751,0
26.11099846118506,-93.14202183993439,-51.0792350381885,0
-7.533059772002489,-46.27809380300659,-38.143572571272344,0
-28.300143753657824,-37.9387782984355,-60.733535860270806,0
-10.297152030784863,-30.723633428648906,-56.8202550541374,0
-38.5500552962617,-49.71299377443937,-62.80218198744779,0
20.753140432110623,-83.66532086975246,-28.33329672009418,0
0.7953287734425877,-76.16598244954052,-81.62296129453716,0
-8.214282292283348,-29.5004543004572,-56.17894309736398,0
5.003342936339919,-82.96961704724744,-34.21932326819406,0
-6.705990137343495,-35.77868842256065,-44.59080763085094,0
6.680364831414396,-67.31605126735782,21.802643293042994,0
27.120080370915147,-64.45078373344272,19.930890862414895,0
17.27879999640831,-53.460707736969695,11.9407712562431,0
-6.65609954487595,-40.17222675597005,-39.23415926660851,0
-21.341932847918493,-77.52140238591575,2.4722572470706408,0
15.59573332655664,-82.08769814176827,-0.04450438352918391,0
-21.819776108343145,-55.26081284253903,-42.56670986296925,0
22.421824480765032,-89.74852279363681,-62.08292802635616,0
-10.323810361563284,-51.155695521400794,-39.223914656884354,0
5.277046888086104,-57.074211785225174,14.742900223689368,0
10.163241209917095,-53.43827937751331,10.717706333225374,0
-16.482303245044555,-64.98405609876278,-18.863386871915385,0
-5.164505584533742,-88.46092058049473,-4.905052924491167,0
1.654548668047415,-63.26724733538253,18.60279111815804,0
16.19134955391562,-68.61024942950893,23.5533210077284,0
24.71768460425851,-54.27560659739869,12.962863178136882,0
-31.55267815062501,-59.82337549096942,-69.85331500894922,0
17.233098855138,-79.89287639008188,-13.70682077218128,0
-0.5523187864111836,-88.45296087756098,-18.494265015713395,0
-26.193632903557525,-83.25700222538816,-42.19054364624495,0
24.469208374602317,-88.50816679347562,-40.58655433830118,0
12.911519726197632,-84.76195765865778,-46.60564153630761,0
-19.88194183146536,-67.06268945649599,-77.26157395696225,0
11.090043694847777,-80.05933991742366,-67.5323988076587,0
-0.10900257909891492,-83.97013640345867,-62.54427268135453,0
-7.305663598719442,-71.58541167806193,-79.7381017598684,0
-5.952280259195041,-37.434371494945275,-40.92981172788146,0
15.620635744817566,-49.24017128622765,-70.43489130340517,0
21.312913233537234,-61.07192031866367,-75.08456148869693,0
5.102223578943747,-38.190990921070416,-66.42771509499269,0
-3.980140266739454,-29.956248956244902,-61.650092096756104,0
22.842263184434497,-74.23641537471593,-82.71338375944673,0
-14.978400595114264,-85.96823932830937,-52.47269496077926,0
-6.142528958110028,-44.74735708520865,-32.315552588115274,0
-5.387329577149556,-55.123581510073464,-22.89778593852428,0
36.129372664663414,-94.37093231230928,-54.895510220862846,0
-51.99017992445334,-66.1496732982844,-50.165228851252984,0
35.4287452925001,-82.6054317271047,-26.86885383039835,0
-29.13489921473871,-49.40737152531292,-51.540193970328346,0
26.30320303321668,-90.23462128288621,-75.01458251301948,0
32.127774605002685,-95.89944863795984,-63.143995830031656,0
-38.72101440517508,-72.10666846986513,-58.39701056745612,0
31.475439961441307,-73.19293849058806,-12.767823767143133,0
-9.787036517658864,-80.71319752534606,-75.05928970467421,0
36.741363951651735,-88.70902678521803,-40.95300992020941,0
3.127310170058881,-80.3167752633468,-77.72966935740737,0
3.3352297772979043,-58.999020316850064,-11.510711711206712,0
-26.746819593164183,-79.60100408886859,-69.88147739045367,0
26.815081628727363,-83.96486920032707,-85.12655235600775,0
19.65264926991387,-55.96095637603808,-1.3261072069778002,0
32.29242905503171,-66.54207631116071,3.5636961152962896,0
-7.441309493877098,-31.37907369646175,-50.47601291774469,0
-7.010396885113358,-32.099900866131115,-48.64706961205586,0
-5.043662637368947,-39.03580870218306,-53.320143591308984,0
-7.086526991827979,-43.083732302230025,-44.68910571648029,0
-1.4524581166546446,-40.90548880838017,-58.40860623916884,0
-12.230284044470865,-38.883950549957724,-50.01696200369879,0
-2.415549334533332,-51.38560091000221,-35.01998124800817,0
-0.8036045778372884,-60.088245981153214,-26.154992530971043,0
3.8151315282739158,-62.90050613526438,-16.62865860636397,0
11.817552941888458,-65.93649227888001,-14.114509168309718,0
18.691364256353882,-71.52294372975805,-14.239161424344054,0
5.19324086497609,-63.72905522701223,-28.79531314754438,0
9.602975849530974,-68.81995778563692,-31.473550357387747,0
1.2880211680910145,-54.32575617601129,-39.84325851954611,0
3.694517846249949,-60.29455804212411,-44.40572372848033,0
-1.4130588286676815,-48.02461514250693,-46.887391527417634,0
2.8076339793947778,-52.42505412719847,-51.45437711765587,0
18.456971848580505,-73.45096251548104,-75.36769346189548,0
26.93530796076713,-90.075376860748,-54.07716097180392,0
15.94775845685902,-85.64576484640637,-66.65894404229965,0
22.121591426032573,-92.25035546259384,-60.08134103193587,0
17.67638548285735,-79.47379081893554,-73.74924919573886,0
15.656240388654204,-66.29407145845126,-70.77402367216386,0
26.355103749150857,-86.69310830882759,-46.996338192820375,0
12.241004563653686,-74.1049218782707,-67.3658976455484,0
11.340547413632128,-81.20539558254717,-60.99840790701722,0
18.019023847342766,-84.3590753243191,-53.889140537396756,0
12.074049153637914,-57.90543648558392,-65.61879736881417,0
7.938748170909523,-75.26001063245687,-54.85617712456199,0
15.454559120839997,-78.14189734477833,-45.64885641423394,0
25.995959986024758,-81.24056228672487,-34.06202611738367,0
10.65246620870197,-66.22633114665148,-61.42276244077319,0
23.252088759611155,-75.8884253240386,-23.511699771515847,0
11.975126775164142,-74.54349601194954,-36.7659793440119,0
5.652415691753427,-68.15115146543995,-48.403591561587525,0
6.7231559124131905,-59.31353077332212,-55.9999595986924,0
4.728993016744719,-48.85797497231861,-61.97745565102438,0
-11.721429145462936,-69.46603832475712,-1.2494369232653166,0
11.646798830993834,-80.66701046494974,12.956591523541375,0
29.57549153549545,-67.12829166252767,10.758393429956204,0
11.637410034852278,-58.38085869867687,0.29323816146856735,0
-6.111082839947435,-85.02884086983813,12.471459820753715,0
22.009413249291345,-59.36902196587141,5.621307843569636,0
-4.981359784421502,-85.66830737697964,-42.65792769087883,0
5.153655452881032,-82.08919025438655,-53.398905321550245,0
-14.6265647937342,-89.81924501477042,-29.78187168936144,0
14.358858295726414,-83.7784614442773,-59.81226812251948,0
-23.77145250318459,-85.51872841183129,-13.932226265346626,0
-37.74458309046398,-78.38654427573313,-29.401880800976915,0
-46.78036785376203,-60.01413080277107,-43.64622839827225,0
-39.29814668362258,-41.2468505608371,-60.107481226744284,0
-20.140415835817954,-41.47537728764079,-64.07600668538608,0
-1.4071758970468473,-57.47883889009212,-72.7177947317322,0
-11.381705701301518,-49.634439634201,-67.30266932802043,0
6.392335034543687,-66.70747506778615,-76.56585104715481,0
-20.66037818001734,-32.564974026068036,-60.536432774102884,0
12.635728411076714,-75.5815834225912,-81.18093542153173,0
15.8236916682304,-81.97264107461005,-80.25151874663148,0
20.466671805726712,-84.85133463561426,-72.2551653804141,0
-22.2520933363526,-35.819952586564895,-62.0075628124543,0
-38.394037627271445,-71.18211934154304,-21.090816798490092,0
17.17457598348383,-85.75733815098083,-53.4924846066915,0
-1.691674143409707,-62.45293164319723,-5.16878682321563,0
41.66101586644515,-36.32233427023344,-73.16833258385122,0
68.27726228608147,-66.66922201914502,-24.800818563809877,0
71.9162792221029,-34.27074537039906,-48.20285494144207,0
27.635952755145098,-40.38543080726718,-76.356204425902,0
57.53103264947885,-29.637419094749305,-65.34823317545631,0
68.13296299152712,-20.154428747220603,-38.48037639935074,0
16.708103889965734,-27.34329793349158,-71.86905201525934,0
54.49501172860635,-10.43565635833524,-57.313615927747676,0
60.27592081668869,-54.09992487721645,-11.663517697322964,0
45.291153164226515,-50.648054164477614,-79.03234271639374,0
70.7996682312024,-78.911686358988,-40.43899528668915,0
72.72300561851785,-48.242949106202275,-57.07038418292312,0
32.400230334818815,-52.90740766777918,-81.59020177390003,0
59.818448145772265,-46.05108128899593,-70.76999082534005,0
75.71198978526371,-50.08941022015028,-36.613918848933714,0
67.17589329337662,-35.688667209802375,-23.271789398389156,0
77.60682921988627,-63.639196673592004,-48.63610574675194,0
35.76972541810186,-16.88755721454143,-72.2694223551081,0
49.10961085930302,-62.34407333674534,-90.03676559135013,0
67.20940643355071,-86.24259125215046,-56.62355167817855,0
70.570649777536,-61.20961440815261,-65.86362297417622,0
35.456894077139765,-66.02877503468575,-92.03317449214435,0
63.432146996292026,-63.17954153610856,-81.13106199372857,0
72.78149189395619,-74.25246129711121,-63.617546991790476,0
37.876563075823036,-85.96434678284035,-97.10247703186606,0
55.65917183158474,-84.7417039289987,-96.00242815307054,0
64.14308397909474,-94.44055976037109,-74.39049031904783,0
54.97547588616487,-95.51133520754902,-83.48560351793105,0
67.66134191491804,-83.0622708579591,-82.53133289916063,0
53.99511883732648,-93.20890700651896,-52.84048447927313,0
52.538586196228785,-77.14576133678523,-19.868976578056138,0
49.42390224506351,-66.93729930820872,-7.085813042439321,0
57.04799725975567,-89.21210443365531,-34.28973166688786,0
27.045515615128863,-95.1036534778298,-50.5872018992365,0
21.851121391821177,-85.29038275795506,-26.191114559296057,0
-0.29712129063427695,-75.90367358431047,-83.50833619636072,0
3.709531554491437,-85.23072700754955,-32.89357115174449,0
23.26494102347322,-91.6481680935789,-62.395816726142385,0
-34.76262673434923,-58.401021594705966,-72.64422598897376,0
18.158792704545416,-82.2631044372959,-11.65600260420926,0
-2.0288375183185474,-91.84753830284704,-16.552618662060844,0
-28.954151179110433,-86.57198147608824,-41.40419839657268,0
25.557738107542416,-90.9274737440201,-38.36705851471327,0
11.657671582736622,-86.03382617064271,-45.59122109109795,0
-22.891117788779617,-65.26648665822381,-80.4168429258649,0
9.593538800630412,-81.85518980272394,-67.62462179919206,0
-2.1887857325858167,-86.82591154862091,-61.94471748375128,0
-10.076993573866524,-70.53295233113285,-82.46894258194831,0
13.905289713976988,-47.095795321064465,-72.41760465424453,0
19.83419645551709,-60.20936703119391,-75.6721681269803,0
4.2077737961357995,-37.45209359504479,-67.13094013142543,0
21.755191187036566,-74.70093325562055,-83.69039630991628,0
-17.48336793129147,-88.65425287505059,-52.6425121663085,0
36.71334395888328,-86.07526356526358,-24.80055830790697,0
-42.33416019444133,-72.46862819588442,-59.46010882927197,0
33.161323508207744,-75.97081217178109,-10.315557056086979,0
-13.142058965393634,-82.7530175900661,-76.98994700644457,0
37.81146255038085,-92.0249027050845,-39.18586160161872,0
0.3304962800474592,-81.88116974272685,-79.64983320888359,0
-30.47006349030034,-81.15480709530776,-70.90417094991193,0
26.514258758248918,-93.34119568743183,-76.23663904268746,0
26.295591091713103,-86.24957458620476,-87.383227878964,0
-7.583321840400052,-45.61662454734445,-37.528875610546805,0
4.816623012002963,-32.95501457812638,-12.769040481314311,0
17.254257591183986,-33.402231774032714,-2.6482812116726406,0
1.3441068104033969,-30.423714748440414,-26.539241572793493,0
-6.277709884398397,-34.796606714858704,-43.514002185625685,0
3.899474665718574,-34.486172209066666,-13.033037419034118,0
16.72193523500987,-39.552632776992866,-1.00989314075567,0
17.155229787151132,-51.350059762878466,10.591296571322124,0
-6.592850488524146,-39.924974308896374,-37.78516612938582,0
-6.051361901937758,-31.1628200738591,-25.099723154713978,0
2.1988496599725895,-33.62266126649956,-10.595593139542197,0
13.280066776913474,-38.487352040531256,-1.0277082197305336,0
11.13457884359988,-48.864936924907326,-3.2330033039813952,0
-5.795589979739816,-41.29371892117632,-21.32065505936564,0
-4.875279254086729,-40.38044845888046,-29.927600422431507,0
14.195465619750534,-50.7344331983905,-6.7590449854985435,0
-0.6733015481264798,-51.07710068214223,-19.718242053160427,0
-10.76656236436706,-50.43250617667418,-37.86851451598723,0
4.165102507523493,-55.98613488768593,13.142399018584134,0
10.321742627702289,-51.764715532966456,9.89661244565334,0
-16.78506348784213,-64.04317472799207,-18.300640261619403,0
26.34468544805661,-54.643556164303725,11.83155769505414,0
-2.1884184492106202,-51.57690939328601,-17.304864661793186,0
-1.2748760562613481,-33.17314756507159,-30.729252298407392,0
-5.228478042519633,-35.72159587394162,-40.28588433542863,0
-6.755652584251252,-43.66198212670088,-31.409956719226358,0
-5.549697796674103,-53.912987128972176,-21.439406147185444,0
24.958741994637773,-50.48536226096978,1.142081094424531,0
3.975203960927742,-57.52536700718508,-9.572255826566828,0
21.406499829022987,-54.859992039429585,1.9228057903601379,0
26.306373155531123,-33.490720661883536,3.5941183247589144,0
31.837650541352605,-42.342825893934474,6.718447018729675,0
0.08748294440179857,-26.18355319550031,-33.423893202503244,0
-6.778694725723693,-29.7777060681465,-49.95758304616933,0
-3.003107760208648,-26.75069158264252,-43.95348821276063,0
-6.2947821586203325,-30.070919135650158,-48.904310603782754,0
-9.828915895438119,-28.866886817179985,-57.09024351009126,0
1.0718703959835205,-19.531100442927915,-35.998808259986966,0
-8.287337997195946,-27.510469916494667,-57.73369638744268,0
-1.9425922708354642,-21.72497888969989,-54.29258478277678,0
29.290240585378598,-65.55048536583003,18.991603696449896,0
35.1558640015444,-29.507658313154696,5.026801641749984,0
56.87547401071271,-40.961320811233016,8.122464614113806,0
44.796764920855274,-55.66830847230647,4.819088238924534,0
35.88671607814367,-65.74032403961614,5.987667976629374,0
6.029049828405379,-14.18091150586794,-37.70575803512734,0
25.881221895427363,-7.024535007953383,-26.202126122187245,0
31.60858566891464,-10.580977338027754,-17.209583058052385,0
64.86989401053282,-20.883635868395878,-6.898453853803343,0
59.74898460739481,-3.460002857552738,-25.739172506585174,0
42.41531176473734,3.306546904925726,-43.99161201934368,0
5.204077675515529,-16.761231995552166,-64.6822174070713,0
13.693628077283302,-8.766812808121854,-36.04307950289337,0
41.44712294603154,-16.239597158709802,-4.299367790296206,0
24.54866246550957,0.35677895011466665,-58.08061969301042,0
-33.134839332137574,-35.94406797467643,-61.78334036014661,0
-42.22029306990257,-48.22086928847075,-65.28936799020747,0
-41.22911393285063,-71.80919146340511,-18.11319731009813,0
-23.390652970157458,-54.89213036820062,-40.32422719259539,0
-5.616142499792937,-28.782304410017716,-62.7999108235057,0
-57.20391875654929,-66.92002983762846,-50.36016816218133,0
-30.275007542855782,-48.815472500289665,-51.031561605756714,0
6.595752618510299,-69.69328740193498,23.555600525324138,0
15.554504412303677,-85.9722372411995,3.16134813284989,0
-7.228991571932966,-91.53511085036244,-3.4704781831450755,0
-0.522469089214499,-63.21679360826446,18.676067666709233,0
17.07236046648247,-70.61423005795847,24.919254330786053,0
-12.203224418063174,-68.02190059279613,-2.163665721379061,0
10.171370715574968,-57.5672730470935,-1.6608442088002298,0
-1.0956508731805523,-60.151853072191116,-5.913693333127874,0
23.107243631338523,-57.644831211756475,5.853323155651517,0
11.214277205482448,-83.61328109679833,15.501007953741818,0
33.447065390451044,-67.32332753738493,11.997765244251532,0
-6.941181262523396,-87.68135377379066,14.176527939997257,0
-24.665473691657105,-79.4254436867065,3.5491615939494077,0
-42.84500162470435,-39.18608638736964,-61.74927553445902,0
-49.53913606890922,-59.69693106174795,-42.41614936537485,0
-42.497099980243355,-81.91360427505772,-27.341058715481367,0
-25.940415993946015,-88.52453368134098,-12.289062258674676,0
-16.240418727336316,-92.13070891336635,-28.86716599246099,0
-6.5212277646188355,-88.04939433435224,-42.355754962104164,0
4.351812401765137,-83.72873634610212,-52.94277618577934,0
32.998166596726634,-98.99808688132558,-64.17460841021997,0
13.38135823471706,-84.8617471196412,-59.777707038837555,0
48.269195797082006,-98.97768712398992,-67.77800692097232,0
39.51058687715193,-98.55945988483862,-81.29173574526139,0
37.92654072302521,-97.80022962294893,-51.2192604150812,0
-13.735850872607948,-47.19186391525677,-70.2842768428978,0
-22.744877032191603,-38.66414923341446,-67.35448363781545,0
-3.1984110189716013,-55.94501630265751,-74.79673625908357,0
4.704843003637829,-65.03758468287855,-78.73420125063487,0
12.246401899509681,-75.35950751259733,-83.10188632530514,0
20.461369530642404,-85.24856229297089,-72.58814362410537,0
14.472989848308865,-83.18609866803094,-81.9927082566409,0
-22.33421905995233,-30.429475444542522,-61.91316712614492,0
-24.119989059995675,-33.51189574433397,-63.73083346039531,0
16.334083449917884,-87.74694601787984,-53.231615812200445,0
