x,y,z,Frame
78.13985093417894,-125.51667565290718,-56.893578328321325,0
8.68432647677816,-56.92843163329408,-43.04839380838552,0
10.797591056750495,-54.47767355497583,-45.81738807809805,0
28.6559223363813,-39.86364430211081,-48.2166212064832,0
35.55166217460125,-37.59247521755818,-35.433735340752285,0
9.764650233101687,-61.45515498615371,-19.73388310221346,0
65.69162005682287,-44.59413780694773,-14.60905199644126,0
61.291721103203926,-39.84815029360099,-37.5537459671045,0
61.16953978134901,-89.51072350667353,-54.23928887139831,0
85.27611984175812,-126.25102838632029,-14.972167923746838,0
63.742509269659514,-145.44106851609502,-33.916267338494414,0
81.33616682187724,-95.59103826349609,-1.9147760661489643,0
90.14477855224786,-111.0345916299503,-37.75178057021865,0
83.39716207964999,-77.68485540638193,-37.95028439988094,0
61.489765807749016,-131.01870950919349,-58.49310874813661,0
49.16116787200094,-97.45966166091796,-52.04780469376457,0
47.62210369139421,-42.95505133401718,-55.60897081072309,0
66.72830784756668,-142.03679265886177,-21.739289630642926,0
87.31667624406992,-118.76554226065515,-46.78959025682689,0
72.83881201818824,-82.89334213060035,-49.81489272046092,0
20.386986569109634,-58.254442239662446,-9.559344955996872,0
7.710131854316676,-62.75569800493422,-29.959527938559425,0
10.528077040157823,-63.18968794123731,-18.80039349150129,0
24.383588689558568,-60.28266194626054,-5.522879656183292,0
-1.4609285385283666,-62.30190541065112,-22.99211351104228,0
6.14143418308262,-58.466335878575045,-12.61208940695744,0
17.92988649334714,-58.25737780312922,-3.459345455470549,0
19.956110714041664,-69.64116579717599,-2.0571301010231733,0
2.159351143849479,-71.90418209050537,-16.002416439688975,0
0.6877106234070991,-72.68556708102146,-22.477697061353748,0
23.405648533026287,-70.41189010540369,-6.186287018446782,0
6.230622106134807,-77.12715661694686,-13.730599126654205,0
32.15438685219073,-46.96265355974276,-8.893342841206747,0
58.13772447741799,-59.130278044006445,2.912918554505964,0
8.628602327637902,-78.90043793402394,-8.808712484657596,0
76.29863909971522,-59.37084624877011,-38.92247344425548,0
35.60319959845636,-83.69438985105256,-53.92605191362069,0
63.91197717624844,-62.753892485923295,-51.77175190700518,0
72.94700219643168,-76.50622118191268,3.9837024542603467,0
68.68154170998291,-108.14374596844691,-52.99810641403452,0
84.02328333949487,-112.82000360169462,-7.2317388587371525,0
87.11578826998392,-97.69418901719159,-36.77760477060303,0
57.089370698377586,-113.9585980261927,-54.15867020641454,0
79.60198068759759,-99.65045747508863,-46.91002416832657,0
18.91015919772456,-71.04649530497505,-61.54052686718494,0
8.014562294476956,-65.93254452903216,-31.556282924291384,0
11.521572496479164,-68.59328895241562,-53.968147402747505,0
49.29435472847961,-73.08570642977914,8.056947514399175,0
31.805511388100964,-70.96009745650697,-1.4833720855912516,0
17.436271607459915,-48.706151015020204,-49.993393913393234,0
93.05478461623184,-119.68876683512605,-27.278848555472468,0
87.79703004787955,-83.75559288867342,-19.463354619003994,0
36.24701608061587,-39.9308856092308,-17.201687482753965,0
62.384928835922196,-145.15748169846313,-48.04398007288069,0
81.37579891717468,-142.3979084503491,-52.35253077016354,0
80.81636934980787,-63.65792242561142,-16.170139009284654,0
90.09289411668446,-102.33134388240653,-22.399341445140863,0
69.74399750851441,-134.3280578637314,-10.35923078390453,0
62.752396414225096,-106.20636918052269,7.845048763026895,0
56.457498573057215,-87.59050510977356,10.228303818462402,0
69.26669129302118,-121.52395064029807,1.0176792951268139,0
29.065508038630238,-52.00170822819947,-6.094295814318088,0
39.09184576984909,-59.42673249895391,-1.5181087268322424,0
5.220369806800863,-60.12636001621318,-36.73643592048903,0
1.8552333693329048,-61.149081719561416,-43.738402371627984,0
50.57192135674015,-72.29382280819382,-58.735247508046285,0
36.159551566273194,-51.61262935932406,-65.14805456454769,0
81.26589065401382,-139.36935413562335,-27.27516500560808,0
76.59347980786261,-143.7701496241248,-31.149044042922153,0
91.50372417363303,-132.68617205760498,-37.12049753360919,0
22.827604680312714,-79.15036785500584,-46.67601676367999,0
8.139774788534545,-74.26138894757771,-35.9244836945081,0
14.383722184936184,-75.45704377607322,-44.997969192826965,0
8.752894761234147,-73.77474955379076,-41.28670959671751,0
12.08457470812228,-77.0039491838943,-24.805811753221832,0
24.324225173624026,-75.88060062395583,-11.058141170961147,0
18.582306107008193,-78.07417847411914,-16.418332861441247,0
41.76958682446392,-86.19437842318267,0.3354987080313361,0
33.41336283799431,-78.60057728983439,-7.441371071124452,0
26.179147319799917,-86.02765692386419,-14.752768023485544,0
34.578347444537705,-91.4960607340653,-13.11785903141462,0
21.48090681073678,-84.32839487131525,-27.034277688813987,0
28.46006139726635,-92.62794062498229,-24.692050671278505,0
19.44816483567487,-81.3720518017009,-35.69443286463823,0
26.34940671172109,-86.8743445914323,-36.948648903431,0
47.2308856441714,-136.41713902572602,-28.46255865585693,0
52.035947078988286,-125.1799026293889,-48.27981065360663,0
52.75072868923125,-137.3194169644722,-18.9686536391764,0
48.74020922918424,-131.85177516009102,-41.45766723903551,0
57.71457317696867,-132.36836662740018,-10.99971771252814,0
47.779489697958276,-114.6495693177579,-45.327309788868426,0
53.389890195522355,-126.3998031840364,-4.726067264348581,0
43.921298273153944,-127.26987808074752,-15.783033853630613,0
41.942164825639054,-124.43929084997667,-27.074201133455826,0
44.624581345096615,-119.51246230490842,-36.781808526515725,0
43.002671532042555,-99.87758005073015,-42.56172911217057,0
38.56513856925322,-113.16177903623056,-25.56972322464552,0
38.972185148457115,-116.05321174722894,-13.24609035141517,0
47.15823889154256,-111.57956679473445,1.9768224837091632,0
39.338241399653306,-107.34866608595483,-34.5599428931929,0
43.86180059291085,-98.17319924975462,2.2295795870423043,0
35.768551079574706,-103.7741919746728,-11.02098210168066,0
34.75168022650024,-102.11720998835276,-25.69005506313522,0
34.45318108575718,-96.74901274447204,-34.42202159108067,0
33.061665860192164,-88.05363291440408,-44.92812939417328,0
48.32370334143672,-133.47775168000925,-10.271454996344353,0
-8.859130890023346,-83.10587443059222,-16.916892532880574,0
-24.365148665441446,-88.48720179029642,-44.357737335767254,0
-4.034608062443116,-73.16890712278155,-50.986185760869446,0
-23.57203622395622,-104.45789896577885,-48.26097414303524,0
38.04814552523364,-120.85783328171956,8.026893335972971,0
24.69870224718838,-141.63588477433586,-52.60098090912139,0
2.98995412655137,-73.09550378739775,-53.28493416176686,0
22.153168196008775,-131.6288403390271,5.447426541729928,0
-2.235665633252373,-72.5909167032537,-37.204977063693924,0
10.15878358679295,-78.01285910904592,39.92586064575135,0
30.08091517503199,-74.00568386795985,33.74690774854877,0
20.463918614529483,-67.98904245643051,19.808487966789095,0
-4.56822375716378,-77.36799748494408,-25.47569089298038,0
-5.948280659650737,-95.06831386885233,17.103420651763052,0
24.684440372982124,-101.06051435696394,26.68278726653559,0
-29.78267560390009,-87.30423258155436,-15.580583600099265,0
45.59702307529112,-138.31778165613753,-21.145858981044505,0
-17.523334939343815,-81.08884895170664,-12.800851363786357,0
6.824278865450663,-69.64474429983758,26.952578285353646,0
11.967897457615033,-68.58733255143014,20.673256792458407,0
-14.3136342969313,-86.97416124726594,2.513270832570914,0
5.731240515928255,-107.9484256349835,23.48390036133313,0
5.952743467077724,-74.07090868002837,32.06873916744827,0
20.199300691332166,-79.61930868670387,43.6835389094817,0
28.179570714172822,-67.20082624517326,20.778132605509292,0
-16.221102985533065,-118.9876798287711,-53.40904598930497,0
28.339883143039227,-106.23801806122742,12.43076492134223,0
13.403103577245226,-118.62926624254571,13.372196433309764,0
-10.65486743314646,-123.89676357604777,-11.717126603293108,0
44.07366383443142,-126.2666328736713,-1.8384305452903753,0
32.43524563220875,-128.41325007738902,-10.410687183605742,0
0.22459742664780416,-128.86159746500772,-54.60678874662633,0
33.45749979569665,-137.4610847574345,-32.368583226895524,0
20.061758571922784,-138.74861983910182,-25.872913436732233,0
14.990947324088387,-135.75821533948067,-55.12885277879149,0
-1.3238769627751268,-73.3912030974443,-34.489504163377624,0
35.81692619849566,-103.24137634587576,-56.38068787159968,0
44.4718770981177,-117.92138181326094,-56.61180069685683,0
22.590401025320297,-88.77945164534022,-57.16376186532619,0
10.540870727239914,-77.9672968156627,-58.450217907603424,0
49.63321444972744,-136.17810158296092,-56.25837422982824,0
4.6481296210212735,-134.04642126282977,-18.59896047056535,0
-5.205093476641943,-78.50982939234764,-20.095442213288287,0
-1.4090296473680421,-84.52116424942497,-8.826981513604206,0
59.312586932589646,-137.1524223978932,-10.500315840841147,0
-31.742474422556608,-115.75723735612144,-31.090224343067444,0
50.88253093413114,-114.11982173138215,8.66927436776472,0
-34.034435394235906,-90.52025466646252,-28.98596719403045,0
53.10321840487963,-144.68247312520205,-33.06804838862648,0
57.24493861284957,-142.42761326694767,-18.096546003766708,0
-22.32874977363586,-125.62506570600534,-34.636236202642145,0
43.15594246140417,-97.3226683390678,11.245123546601773,0
12.21640266203726,-143.20348849055878,-42.57322494242413,0
56.11726394824869,-126.40549631356131,0.9229410380851563,0
26.978794934445293,-144.76069114432224,-45.36036882606429,0
11.951731810912998,-82.08110620601877,-1.0150943642758505,0
-7.09188301646043,-137.77500175703437,-38.995288874327606,0
55.42795801436168,-144.33334755205712,-47.520345251018384,0
27.070653995038786,-73.68291780009048,6.081713547855981,0
40.03853561783711,-82.02338824383257,20.07258930759568,0
-1.7988027325414335,-69.88087860837172,-46.134914446245865,0
0.033026850658405715,-69.71220187483337,-45.25351026946551,0
8.601594792817798,-81.4457692859198,-45.3367119160779,0
-0.9477044414988374,-80.6106342174681,-35.51230711696265,0
14.309747982854173,-87.07466840305135,-48.810902799414684,0
2.629283189576765,-77.42561363024024,-41.884140834576904,0
2.0992749405829585,-82.57374132593178,-21.867293763274386,0
9.044733485549814,-87.09071687023051,-10.872994015530505,0
14.93053073382994,-84.98727388637408,-3.6327764742379403,0
23.593883636458823,-87.75294113705654,1.3439629529263062,0
31.33598585827887,-93.87805006982786,6.946238135226136,0
18.617219841273187,-91.33583708286622,-11.661609382501437,0
24.831859567822946,-99.72244414714316,-9.153121298755362,0
14.185097687035963,-89.64927812796488,-24.749559083850176,0
19.0659967209562,-98.24286170899006,-24.86599609875657,0
11.089538890190061,-87.31797463892522,-34.32547747478966,0
17.7226877946907,-95.60106287651863,-35.254787081953545,0
43.76701216011186,-129.80775268852375,-46.82089375282793,0
48.04891466075236,-134.80814149613641,-12.526171115018784,0
40.65178821992916,-136.21681219360485,-29.876576394490993,0
45.58367978494896,-138.20736426511343,-18.959139404353277,0
43.199668412999976,-135.7012378760383,-41.170527703643764,0
38.37342667245567,-121.38430766861066,-47.859571861693475,0
43.7645127862369,-129.50302435064575,-6.29083971569007,0
36.52748013589447,-126.25897350411232,-38.12548691835331,0
35.78965736278427,-128.7586532984288,-27.258941122469718,0
37.99848993797851,-130.00226443583767,-16.53428996502369,0
32.31985828368737,-109.39202252709548,-47.06484125955599,0
31.086005076865717,-118.93872828332887,-24.988348332053505,0
32.77927680722968,-119.78777197962363,-12.701315503360727,0
39.45730451607263,-119.02336294797934,2.819501743776337,0
32.40465169212205,-115.82696186238414,-36.18637516655948,0
36.3214628398545,-105.26441554114155,5.439410565936212,0
28.19335876728544,-109.6470190731299,-9.258682156994325,0
25.864444001073615,-108.61243819984465,-23.534468316360293,0
25.999443768329087,-104.46951283974612,-35.029535632569946,0
23.121991462768463,-97.30144106426664,-47.16823146420303,0
-2.5245875530354462,-89.0579422919422,14.68405558047969,0
19.596339304439105,-93.58942860649314,38.71212806214269,0
35.18796028424298,-79.34658958782812,26.113680857784317,0
18.15440994878168,-76.62813597852158,10.50025521190054,0
2.958295630825497,-97.57132193400605,36.14840287339337,0
28.3353138389784,-74.43039841326998,15.568267231971378,0
11.617879601045296,-136.22319983614915,-4.724261068648651,0
24.976376892713358,-132.52764823002502,-17.251200219859744,0
-0.2489637156241169,-123.55674589039151,2.290946133190086,0
35.755828206481105,-134.51541249689507,-22.966635280468857,0
-10.40156070997265,-111.50751444349987,11.742091333612946,0
-23.487591820768774,-112.7732281600201,-4.895477318491567,0
-36.22370367959399,-102.73660921504626,-24.120669066787148,0
-25.11590085905172,-94.61338867091845,-43.896741294504686,0
-4.495807706739133,-92.75897769278647,-54.00810588843866,0
18.84751445066515,-114.884528419079,-55.172724214447385,0
6.152158544126065,-102.5338399456122,-54.74732305935281,0
28.855870549288802,-127.03714160530623,-54.32265453706989,0
-15.538822971888068,-81.39923229818764,-49.70292138580693,0
37.97870746539102,-140.28553727904932,-55.43050182709205,0
42.15654842645251,-142.77408726471953,-44.575629786192884,0
45.24378678336519,-141.29532433278945,-34.06899532785125,0
-12.224444905431161,-85.51204025426851,-51.183539114284784,0
-32.322290290479515,-95.2038860560113,2.573914972213497,0
38.54512170450571,-132.79015260866905,-15.137326036324477,0
5.935180484436571,-83.46817350577575,7.793391286330488,0
62.31596927937861,-87.09044428869042,-66.6346745440045,0
85.30027582616388,-92.70001776209303,2.7945948337492315,0
91.54073913685617,-70.4659383859575,-40.648683746037136,0
47.60435506677326,-94.84637358093309,-64.96902359609378,0
76.49580412673112,-74.78441769285382,-60.12116653311742,0
82.42487804961893,-53.56646600905415,-39.39793560259164,0
35.75295471303793,-80.54620246009127,-64.84740699162859,0
65.60462295176357,-55.91719943761081,-57.825033704843726,0
78.46576448304819,-72.02776307835525,8.504002529667781,0
68.93621202381331,-104.19483398328882,-61.523642404156675,0
88.82472126041866,-109.71858809202394,-4.913390129731926,0
94.23759279129051,-88.66015268270543,-39.433888980118205,0
57.44153264070802,-111.21781616675862,-63.40779572988965,0
84.01321357968463,-93.74978302900173,-56.275375927426765,0
94.03089129911503,-78.61395334124067,-16.28268730612986,0
86.27890791962933,-57.26664306213023,-13.23056630864471,0
97.17265699587153,-99.48613663745483,-19.421716465796255,0
51.154860196979236,-68.78958728678919,-68.83250284641193,0
79.22711857698282,-123.68895205372156,-65.36155460727906,0
93.16477713677784,-127.45859902802906,-12.274735257572258,0
94.93248559707229,-106.46597497886195,-38.92097159504499,0
63.53140862670095,-129.7957987548359,-67.02010585708477,0
92.68823671968573,-116.6574194818768,-54.08834597943545,0
100.43025906822538,-119.31084021153515,-27.18757526864327,0
69.77107802860617,-151.10682551241612,-54.76487740093287,0
86.69361001986027,-145.93105399447677,-53.42916214271923,0
91.25016464718531,-141.33248128795015,-25.272070942868,0
84.0764695903305,-145.99713367040385,-33.10620361883806,0
98.97826742410626,-135.621518231079,-40.33205162052323,0
77.43661199222761,-135.61141249374714,-5.234520706068076,0
68.63439785205153,-103.61766705247305,14.319004910647996,0
62.699382903091184,-85.99244658638203,18.332644185778335,0
75.456661053499,-119.39550398517791,7.351831800520433,0
49.64220840045526,-134.61538846710278,-8.89207610399793,0
39.24930715517299,-121.27666184156956,10.506127462277684,0
23.944072737032965,-142.4562370587648,-55.168354855688555,0
20.822154332074554,-133.75084098469415,8.067805854842778,0
46.682324551522,-139.93376853461777,-19.87267685279143,0
-19.421562973441123,-119.62510287431448,-57.088281960302275,0
29.069195407471327,-107.39667765148005,15.776013589332216,0
11.956204775529983,-120.2016548266817,16.166870867326743,0
-12.775634505310023,-126.66629994054826,-9.658500415765614,0
45.32464869998185,-126.73425092992956,1.1577130445857735,0
31.165992404700106,-130.0264756581636,-8.417894683982745,0
-2.510618674057921,-129.08625170445515,-58.75596288813052,0
32.17613607110029,-139.42530087111265,-31.021491317507454,0
18.2966163397365,-140.99912888136552,-23.85076126611864,0
12.50581820349921,-136.46795235332053,-59.24491636606439,0
34.78801499271108,-102.68922499255739,-59.3274231091263,0
43.017377283671344,-117.32317446055096,-58.5624431305344,0
21.411874941167124,-88.06384703907332,-58.70895404760939,0
48.76321919917872,-137.8590705449792,-58.897430504675086,0
3.047438569971185,-136.45608292087627,-17.41704130722593,0
51.27753314711835,-114.67876874566817,10.216866559763389,0
-25.500896137888574,-127.16634028414555,-35.722505345370244,0
44.275443160413886,-98.64969950635042,13.304369775031393,0
9.477056315050998,-146.36191773667483,-42.84288131402035,0
57.1463834263952,-128.44241125691747,3.895965704955601,0
24.50447337506256,-148.1222773321883,-46.366183337659656,0
-10.541537690579357,-140.0613815505773,-39.33732960102341,0
55.01238153219977,-147.71995337571394,-32.32976996745773,0
55.62071667627777,-146.77041284584337,-47.75109588327289,0
-9.361686677311873,-81.98747720895165,-16.37705444663314,0
9.24373634115042,-58.450447683433886,-19.014235193502405,0
21.219417528900042,-54.30462139974468,-9.477912835430452,0
5.9161114202500436,-60.27472374422519,-30.326045881557693,0
-2.237432897898453,-70.74266970564514,-37.15357188036676,0
8.604174506225023,-60.060082204526466,-17.812170161981168,0
23.97508228805587,-58.5649346098881,-2.841026368999399,0
20.09598394342934,-66.5600599023612,17.424424289465264,0
-4.4331937231668395,-76.84272946516283,-24.50366631258553,0
-3.674495381880582,-59.416510017160725,-27.394989237409753,0
5.549305302699893,-55.98616243879295,-13.910918602535098,0
20.038718938996787,-56.89189356310643,-0.9671611597857885,0
21.760161449350022,-70.22615854533775,0.24775963251572797,0
-0.7339546106306458,-73.65074100464038,-15.57208905091418,0
-1.0469541963931883,-73.4385748835682,-22.5714429197582,0
24.349535017439187,-71.05749421065093,-4.98317915032238,0
6.293182676299913,-79.21192274005205,-9.924246085904322,0
-19.05512615119407,-78.91627017027653,-11.405876599800674,0
4.832968385919118,-69.05569828915964,25.703249523196508,0
11.37558390658146,-67.23077429325917,19.469165921149155,0
-15.950800057242743,-85.38642521794128,3.7194446163626123,0
30.2992821188303,-67.60481168603883,19.53410156076114,0
5.305878636370197,-81.27030103861463,-7.439017569162134,0
4.378176892667508,-65.38347832940725,-31.07822631608305,0
0.2388431667181159,-71.90549268683029,-35.0322875167912,0
-5.157359994597983,-77.11382087763559,-20.65887481754046,0
-1.5423779608264223,-83.08304963618113,-8.85302813890589,0
31.63563893109023,-66.07082675319192,4.766256393163988,0
11.423714218702033,-80.10538973623916,0.8067158067200295,0
28.606320772217668,-71.12241891750803,8.127134025250088,0
28.360324457591474,-47.89256146187345,-3.3781165425615147,0
37.14382798274154,-55.29068693727121,3.703899034866008,0
2.532618182472924,-57.5095568886773,-38.73519364224488,0
-2.1706382691929256,-66.91956768266448,-47.11902745820292,0
-3.007335340563826,-60.72014052822328,-45.7257300155794,0
-0.7997348802045534,-67.158243256069,-47.12715789303553,0
-4.800099707694628,-70.43398935769221,-52.479150791298416,0
5.918227265278267,-54.06013693162054,-45.8822414732899,0
3.2530794359418245,-72.07754636786174,-55.46791024358601,0
6.816232130937362,-63.51921216317661,-59.425817378781346,0
32.56322314046621,-75.06781817377984,33.26586167005491,0
36.49588106180646,-42.338596413316,-2.143169861832739,0
64.51100513114984,-50.945827532983664,9.873582408907307,0
52.98544521534468,-67.15202274968033,19.799945538286405,0
42.91098871759446,-80.04853312254319,21.504936851681094,0
12.534465118532932,-50.652951356966454,-51.95538913698876,0
30.808703607522627,-32.49443140945088,-49.46857813501685,0
38.31068831481408,-28.640611978053073,-36.9525197238839,0
71.30970774680556,-38.674368520562176,-12.599526246415543,0
65.35647854249333,-31.668501680549856,-37.94474401097471,0
48.807601303742615,-35.04507288649074,-61.17198938206019,0
17.687389918986213,-64.94725625485525,-70.87078115756822,0
17.31875506823179,-41.62474233946773,-58.60230431004963,0
41.07819144332891,-29.33764482171719,-18.145561395142398,0
35.32823248895443,-46.53288343447902,-72.83461616519553,0
-27.006445105582372,-88.16022138644726,-45.979291099104785,0
-26.177812259752816,-105.16297152042337,-51.10022070371807,0
-35.03455047325821,-94.29251898228623,5.073106890802073,0
-33.865413248048135,-84.59465646252579,-12.579409310009579,0
9.495737463157424,-77.20491354006873,-59.63911258152833,0
-34.89257660617867,-117.7080546578321,-31.689580277890087,0
-38.9126233444859,-88.1652158591257,-27.60147796357521,0
10.223009033236595,-79.79308438834725,43.084276669829016,0
24.43606382213076,-103.20362577507346,32.30987604829986,0
4.133813034672,-110.21187699050475,25.981984650467034,0
4.025103257955422,-73.7151914415464,31.641139512398855,0
21.017450819763624,-81.04114970113832,46.637804317423246,0
-4.421843926235942,-87.57207420125056,14.166954313066176,0
16.73657696927817,-76.70545580147528,8.182241208797096,0
5.410974639938617,-81.54695521477352,6.809043985777184,0
29.28033318253737,-72.59414056145965,14.608646193080746,0
19.116292792776086,-95.89100973196571,43.48803974136659,0
38.74607484337892,-78.70698495107341,27.741691659292115,0
1.897537739284851,-98.98413440098228,39.01618091039199,0
-8.190619560287756,-96.41126713891116,18.320627239552863,0
-27.552107507603836,-94.49277913969983,-45.867999819509414,0
-40.41758550842346,-101.56042021697776,-22.667063823168352,0
-26.286310689994725,-115.88984402484526,-2.3421644338839442,0
-11.972977204958916,-113.81550726502425,14.3530489997299,0
-1.3476024451815198,-125.15949556015384,4.042134261409495,0
10.312062150192721,-138.28001291030526,-3.505446372699872,0
24.44413365495065,-134.4744169631582,-15.613526571828592,0
59.07467834094658,-145.66813934599284,-17.336505028669357,0
34.92578299878474,-135.78121172135045,-22.279036588489195,0
74.32460347236261,-145.1385288159514,-17.992932964225506,0
68.12811496594738,-151.43222258740832,-31.210586587455033,0
60.997860353796575,-137.7595942096142,-5.29162386062634,0
4.452424547890145,-102.14096104843195,-58.34145333266815,0
-6.409980608645587,-92.02146727742458,-58.40093095889437,0
17.206164639258233,-114.64669419341791,-57.5872212788548,0
27.525364114007957,-126.51340775429259,-55.81940796312949,0
37.85029804583389,-141.52654395154937,-57.747000453293914,0
45.090566803653175,-141.95671351784966,-33.70529458229588,0
41.31281058079769,-145.099459341143,-44.78597255472312,0
-16.396532959255474,-80.4934420871108,-51.46782939107118,0
-13.347440617044082,-84.45266630641326,-53.936505054173914,0
38.09369739482165,-133.89930414714874,-14.270215847162273,0
