x,y,z,Frame
90.52494172135052,-59.0651484005122,-52.81508640538484,0
12.503060513989036,-37.315419312171166,-1.231544614550186,0
14.605087989299703,-33.48814557331084,-2.849450471178692,0
24.180250367390205,-20.223075104536985,5.137220781088881,0
31.959793441515707,-21.874943910428378,13.765871605689897,0
19.5518887548741,-52.13376741472154,21.85695287979056,0
60.1778226724047,-20.682184049884274,24.344191654226865,0
52.06010010860397,-6.669605128530906,10.316591419140998,0
67.62057138684158,-38.69932916721242,-32.682312069885555,0
100.5060780405991,-72.5613575002316,-16.94613348924078,0
90.47216157094228,-91.9084496790548,-43.98868139656273,0
91.74803566714267,-55.54433629402197,10.950595101186387,0
99.29842317672002,-50.751423643779596,-28.974476080619567,0
83.61461792291233,-27.778128522180566,-11.508210426778248,0
80.8002729359617,-69.04658552642557,-59.325561291881435,0
61.96847474949222,-50.54090382158192,-38.0087467673616,0
39.42574342595842,-7.968454384588013,-7.896006725002253,0
93.0900541593218,-91.13505733775277,-30.744800212675628,0
96.96990754684872,-54.4648231876317,-40.25854553600638,0
75.33919639739551,-30.1133857631947,-24.710890346287925,0
28.268359690709342,-46.96751656140028,25.95997097303886,0
15.217653160936674,-50.12483401667199,8.87640746078457,0
21.646834815318737,-54.971355398338716,21.753800083608517,0
34.144449068524004,-52.161007498502556,30.56629489853958,0
13.576689106508756,-57.30462186296448,17.789323333895133,0
19.864541191166154,-55.561841209109495,29.5126474601392,0
29.672735989884796,-54.38702834310889,35.78875318454464,0
33.046497540517045,-62.75057121249402,33.48997268980343,0
19.570543496507337,-63.36265076256762,20.632242820995465,0
19.576938049724045,-62.96740760893742,8.753928162645561,0
36.16848546486881,-60.70168490404586,25.143122063925095,0
25.465755366980616,-67.14512801345585,14.898143059404553,0
35.926328505386365,-36.356925894543835,31.767595160576164,0
60.722113192578526,-41.14710188175244,32.661994279506665,0
27.264876282915502,-70.06851660429005,22.39717053737246,0
72.04212370652945,-16.4863768541058,-0.9002242917806114,0
45.89847673262703,-43.681041525737214,-28.74878576320393,0
59.80712294825296,-17.7158579547734,-15.220476618449126,0
76.65856181387609,-48.3906637230145,21.927973600704906,0
78.90054148720967,-49.97905794164986,-41.46264427005868,0
98.01139386898217,-65.92803440580107,-2.7179589994879163,0
93.23616488065029,-42.208210804370474,-21.45225103070237,0
72.3009258826188,-59.23846499458632,-47.86512322859912,0
86.55546405283377,-42.46932838848121,-31.479180762058935,0
26.08957912067889,-37.20382892467097,-28.24634019577687,0
16.9372253233901,-52.13233915750351,4.288475252497198,0
18.61903979199844,-41.06486247133014,-19.86766235325648,0
60.412546464644976,-53.48879867990929,30.03529550304536,0
43.889105298165425,-58.29553641340233,26.567448036050845,0
18.97310566937815,-26.841856290966103,-0.3310916800250929,0
102.96647817128448,-60.45842463432894,-23.314984839982216,0
89.84005693543669,-38.44341927293812,2.6444648509664117,0
35.760942295779955,-28.98869204680909,27.38404063204271,0
87.77139568763873,-85.64281756861396,-56.98954970147838,0
97.95778921345972,-72.9926572003651,-54.567421349946194,0
79.1093090036501,-27.73792782310735,13.867701837619636,0
98.66797651903356,-50.772853929471104,-10.784552365604318,0
94.4634289729539,-86.53331509207433,-16.24730104626239,0
80.79589632159505,-72.19992110475502,11.855419817767235,0
70.51490418090216,-61.70664109051505,23.499442944289292,0
90.39330249445321,-79.44801590371648,-1.9265068270023937,0
34.04965513955583,-42.1153585373767,31.788064633411025,0
46.066106982970304,-46.3538603614547,30.12204784421586,0
11.899273681272556,-45.583235567889396,2.199292109860447,0
11.711596244713048,-44.7040026321261,-6.124568859901313,0
52.885131785050035,-28.48482646457868,-25.005823699572076,0
31.541428091218354,-15.426237750640345,-19.088472425626644,0
101.07323780534522,-79.0077582885773,-31.138477012411936,0
98.86276973606621,-84.18595039223602,-40.87223740595042,0
104.54441108340002,-67.56947786999433,-38.11331386121495,0
34.26958987815579,-46.52289889899867,-19.38052111383022,0
22.588438574016177,-55.68009204446536,-7.388624814538701,0
25.158510349934353,-49.306589879621534,-16.357465107903582,0
20.455881727623424,-52.91866452676335,-11.616563999422745,0
27.85857248776243,-62.05514115011305,1.0715572402375981,0
38.66810771097167,-61.47657606867336,16.607671912917322,0
34.4772921309224,-62.602099193201,9.16578075988501,0
58.105597846077224,-63.84300045893802,18.960538729399804,0
47.146370566242915,-59.793044735850636,17.040971573504645,0
43.82307591584452,-62.24584815900066,6.859623143636983,0
53.24307881047937,-64.10955052406295,3.947397827903585,0
37.76468860887281,-58.09075559222968,-3.2908110990750976,0
47.88271009668341,-61.92771224374525,-6.41796505813349,0
32.843324584249864,-54.760997335375414,-10.488508209504742,0
42.880707161135746,-53.650292596559055,-14.429060283107823,0
74.45432892320868,-92.10134948009699,-34.57568088307864,0
71.92344805864882,-72.97637818154685,-48.116833192799206,0
81.2899486309657,-92.90270675206979,-25.50730966292356,0
71.14868414605154,-84.15405531412289,-46.54499158341888,0
84.30154058280428,-89.06161812853296,-16.676289937531752,0
65.99863485299798,-67.4796271325531,-39.9640445856763,0
79.83215938790413,-85.48689091524324,-8.945276418399962,0
71.14125682948023,-88.17910673568201,-17.699204365987427,0
66.79048560988286,-84.74593842960563,-27.17748991492835,0
65.92278927485665,-75.4744094170033,-34.314279193404886,0
58.02507708115026,-57.960027327350424,-30.648999426878106,0
61.29288633319431,-76.62203221045311,-19.80303673308474,0
64.93992923897746,-81.50832573533903,-9.960910337549576,0
72.2696699279444,-78.0264468565541,4.231148953227159,0
59.82459982557755,-67.65307020496154,-26.172216729865845,0
65.48620970363449,-69.85322543191288,12.31221859931016,0
59.06101198084098,-73.44652513529995,-0.9218109764729951,0
55.684643832616096,-69.47419847656485,-13.829086583637725,0
53.037243070964266,-59.870273278752485,-19.210515597739676,0
47.84807321018764,-50.3700009789219,-24.31322114040828,0
81.45855549656133,-105.21196728143958,-15.143635786063056,0
19.32937357807888,-77.57069793395162,8.670872668530583,0
-2.648220112766426,-74.00388931206258,-20.20475214433301,0
9.698796015964383,-53.46258770239714,-19.854385875101237,0
3.196006183892493,-82.97497751534307,-33.96051119436923,0
65.14191642268283,-92.99328366298889,7.328571287415189,0
59.71804062161271,-87.29460244996527,-55.7791459116415,0
12.508434228671428,-47.97558536964176,-23.540523743261982,0
54.762753237850845,-101.59058050067698,1.0854653601151736,0
15.391397053316325,-61.42623388027246,-6.402560525986919,0
36.6843313194349,-88.02460141203578,56.541318850927325,0
47.80414092576679,-79.2194062932543,54.75465763315696,0
38.98528471145281,-73.79358087187107,46.779635397947345,0
17.724805582581833,-69.17115889533738,4.201853628732944,0
20.151714783381003,-103.39985241485262,37.01340628004379,0
56.485024888409015,-96.98439848680032,39.55358904379912,0
6.081026816357644,-91.4335067180106,4.377479909970749,0
79.30329908947232,-108.02106533436343,-29.742697227783847,0
16.06862006201158,-82.61464053094659,9.385620059537883,0
32.66921401057865,-81.4502858990349,50.22361007094833,0
34.551164980127936,-76.60172648804611,46.58039119481638,0
17.620470368553455,-92.49541341115633,20.794906474404364,0
41.18535656288328,-105.21568301099033,29.913383453871702,0
32.40540935776822,-86.67466786863196,52.65012272025235,0
42.91374368172927,-87.09636518957903,58.40143663092491,0
43.458472849686814,-71.62193496088722,47.71177449253622,0
19.128139956777638,-86.54924695970945,-41.47560281663593,0
59.678475181430386,-92.86658590808331,24.268552861645443,0
48.52795135732168,-104.91687078844673,16.541119206878165,0
30.55270341043104,-104.39851469049555,-10.93205503109517,0
74.34406037795664,-96.02591559152532,-4.652884319606192,0
66.54374196693368,-100.32911740759693,-13.00861012975593,0
33.691069744584404,-86.95443267599957,-49.090286987893755,0
66.91397752504595,-103.41210981865927,-40.2373868140832,0
58.68065963987719,-99.28635096806399,-30.631946218701696,0
48.179905623566526,-86.56643127091954,-55.95908936197733,0
16.104330458003645,-62.969045973051955,-4.83599322757241,0
51.08290348850558,-57.23196593833972,-46.82533056243166,0
62.986293710379655,-65.5876118255781,-54.03144461863171,0
35.533666595933525,-50.772493138036914,-36.62923354408227,0
20.08663803414175,-45.598625460445966,-30.922804035332142,0
73.94098911416019,-79.48122478536865,-61.842986953456794,0
45.10845736089599,-102.76876451097115,-21.391474452875276,0
18.432131973416308,-72.24098401761373,7.148265290513404,0
24.156553562256367,-79.67098076502535,15.713389849403619,0
88.52617491237434,-97.41823690554537,-17.739068260869985,0
2.134503682519024,-101.5746439039391,-21.056370812825456,0
75.87488123181605,-85.97147262146265,11.747349526217588,0
-2.3396630037745374,-88.97874799767922,-5.709562493402099,0
83.11966957181791,-98.27479724614894,-45.198601961567235,0
87.60763354339511,-100.50521091084514,-28.020946811804848,0
17.874915014414878,-99.81172519936632,-30.064387386990134,0
66.58843501215256,-78.2615767005061,25.26288834119014,0
50.960588795902865,-92.13994995136409,-45.457619862201675,0
83.38481479814057,-91.21054945984902,-2.6067839795239856,0
64.07791904524889,-92.38942625954199,-51.45910262665257,0
32.1478015617837,-76.35615593237172,24.67176749829232,0
33.487229740867406,-93.70727856086943,-37.73133529449215,0
83.25568772957888,-89.81765758306827,-60.812970267634654,0
42.72536148567615,-66.89276014979534,32.124965299880834,0
59.26754473944487,-71.72394526774639,41.18426563653987,0
11.135460225664113,-53.903560664642825,-13.965151341596725,0
11.71113712768768,-53.935748138357205,-13.884809782799671,0
22.176630189534908,-57.52636529854227,-21.201129127625666,0
17.139744991576435,-67.8308489471227,-11.677870085615533,0
28.20998381175032,-57.46905059365859,-27.505311254743027,0
15.972847814096797,-61.30547718727535,-17.422434939192613,0
24.08432629391004,-72.83180711951698,-0.2444366164827263,0
30.536591831236365,-78.13805999102345,10.428143261034686,0
35.234355703778874,-76.32809537893576,19.171542039924173,0
44.00466708906272,-75.1423358412517,20.51537991531776,0
53.92446396027584,-77.47794390836525,20.86415683274738,0
39.020294680820975,-76.02949913300324,6.4386855970017525,0
46.1671279527998,-81.46521997781385,4.3037615586841556,0
32.47542657330152,-70.73645093165037,-5.40980815574176,0
37.76629708629366,-77.38768986766308,-11.256818666978575,0
27.441717475732972,-66.77371703295636,-14.127432650919276,0
34.57812915471807,-69.16446158682956,-20.15484237931519,0
66.49686933359648,-82.90507435874939,-51.998761792863,0
77.85749129437247,-98.85610511783517,-18.72730010839834,0
68.76031377131461,-99.44718419821221,-38.241726049761944,0
76.33387645426139,-101.83462389508988,-26.601391760610845,0
68.61159574114218,-90.93553378939896,-49.02490001862021,0
57.47852862392444,-77.01261290340392,-48.68787821578622,0
73.45974040858016,-96.57669370389031,-10.268211901803841,0
58.71580490526591,-88.09764009878916,-41.485455990131065,0
61.28134435839986,-96.30753622662377,-31.027138799004465,0
66.08892855413026,-98.61780724205822,-20.23083534984582,0
49.508341537237555,-70.07152418344573,-41.840487927666224,0
53.067947903055355,-91.48457595841565,-23.777024892777806,0
58.087031627855616,-95.52760016272164,-10.250706400405805,0
67.37448591046665,-91.76210953775313,3.7544452540703452,0
51.38908170426717,-81.53508264880541,-33.580497342194235,0
61.17734194791941,-84.94409450964348,14.00929190939569,0
51.91720522415529,-89.05535847141215,-1.5053135294261386,0
45.07431613859929,-85.8545885093613,-15.797129041203169,0
43.16015049194838,-74.96362372989157,-25.941651393266728,0
38.52058133488105,-62.76901078064907,-33.41950527775657,0
24.174113776034943,-93.64025181970486,35.170085602088974,0
45.13512506558585,-94.18787093105017,48.95842643790514,0
51.940555394914064,-78.00692413456078,47.00092676329016,0
37.20436920249044,-75.72528672785509,35.97531822034943,0
33.76134266365554,-102.32203785194784,47.65421761647869,0
44.80978877133795,-72.46939158109211,40.33642299794868,0
50.267094470962476,-106.53753014790797,-9.153541413567629,0
61.10133568440917,-101.62020419180524,-20.926420263798096,0
36.098554422837026,-108.05515352192049,5.37738312682649,0
70.25351746740252,-107.66439351765005,-28.587722624496912,0
25.90434244217424,-106.22303145989832,18.897804357595096,0
12.128667361694621,-108.31637600103886,2.927404189399307,0
-3.427472890211892,-101.09597294126031,-8.540067838840942,0
-4.26844149166103,-79.16386062758933,-26.5841280482981,0
13.575746967553542,-64.43549450890588,-34.78605265250888,0
41.45031268847929,-71.02591679973004,-51.360854344310944,0
26.670614323198073,-68.24493970277247,-37.879184575429086,0
54.99821291221532,-77.22709111272394,-55.95520497869094,0
1.4714786622532745,-63.2455137463558,-21.65743155897433,0
68.21939383792271,-85.07055190491451,-61.64414785060732,0
74.91423153946613,-96.64912908526408,-60.67658394346065,0
77.90735171545012,-100.66677124973465,-44.56942684215977,0
4.674340294050713,-63.572041239319226,-28.831495183949414,0
3.514247848577529,-109.68009412191687,14.40829395980898,0
71.69136375383741,-103.41378018426803,-20.201772934651796,0
29.17624753204507,-83.60088986484595,31.69584020657324,0
65.98397264046208,-30.549936102562295,-44.543743103496965,0
99.20690834813531,-53.68789295895935,21.460145636536076,0
87.88054967891118,-17.945816647562342,-9.364896694188225,0
56.55248350043233,-41.406569923983824,-50.74976467869704,0
75.5701642324401,-17.61629673386045,-32.482063282515306,0
76.89126910930189,-6.623382256376068,1.491958437508649,0
42.915779030707284,-35.995735672036695,-39.60638329426555,0
59.04180380477895,-7.081370262760827,-20.850057847792474,0
87.28558063162089,-45.60389859344555,37.693683516009834,0
77.61686936447423,-42.26223767492986,-52.34861445719494,0
106.13599171109239,-63.07753231851804,4.0681497393319015,0
98.15447661018118,-32.05112203525556,-19.98104179210547,0
69.93345756808215,-51.22874591350006,-58.704584511340556,0
87.26662064084861,-30.280435513497256,-39.30551972631838,0
98.62551047034889,-32.37078819391741,9.152748603491204,0
86.13177338324016,-17.669917972755787,23.937901026501628,0
107.51201248800665,-47.01019165991855,-6.432672843377087,0
50.71067538930758,-20.408750318625618,-34.72560004161539,0
89.76808649308073,-52.470235512793444,-61.07299768570049,0
108.77126881587189,-72.05690477231124,-14.408818283110278,0
104.71233982220772,-43.58991513932782,-28.257797025873174,0
80.95131562911172,-62.37300150104761,-67.76273788917146,0
102.3735536622527,-45.44434775478315,-47.90094021067775,0
112.30648661499556,-56.77877219797581,-24.041821639714072,0
94.04272881616322,-83.47788523242616,-64.85212932160972,0
103.74333645246335,-73.21879312651451,-57.31884278332689,0
109.41961136164663,-77.3272663788217,-31.26314668986631,0
104.03138659456584,-81.4029164953308,-43.057172816044115,0
111.50597424054592,-65.75673344950188,-42.805955295726434,0
102.15569015920923,-86.77953845610628,-11.649650455053965,0
89.73492428550277,-73.39608358078017,22.34305878275378,0
79.3444101358386,-63.61197429585662,34.729068340359014,0
98.35964502997223,-79.99007545407252,6.857744880208533,0
83.45938463650923,-106.04417211933267,-14.121433698183209,0
66.78998503737613,-93.61612866186132,9.784910230783057,0
59.21378647943741,-86.62811913241426,-58.150643550911425,0
54.803103017579524,-104.15738552298662,2.6421345799368963,0
81.32253261706089,-110.05789496548687,-29.611113515658833,0
16.56661056973555,-86.28581939818326,-44.81863764914023,0
62.10670896949289,-95.38598424886573,27.351350961934,0
48.740266769361845,-107.6442686191891,18.383129445797515,0
30.58406589156818,-107.24732333269819,-10.586754574916528,0
76.00226607629119,-96.06647642211051,-2.1186530744479,0
66.485957237321,-101.28348965035657,-11.806175742127122,0
31.27208887536536,-86.61208712103189,-52.56574896067039,0
67.59172069987221,-105.54926638343062,-39.78065786393465,0
59.10827526029595,-100.45661870210098,-29.21736355932212,0
45.94173814403201,-85.96982857006583,-59.44991976184301,0
49.24565292125798,-55.58402725666064,-50.633826649339106,0
61.355833268873745,-64.30950623352031,-56.833398683994375,0
33.77667837131459,-49.745674859142866,-39.509951157449585,0
73.29224109904936,-79.54346960895457,-65.07046073290564,0
45.26756396795164,-104.50805953746867,-21.341542567910636,0
77.92377879898166,-88.90060613130554,14.614319222858587,0
15.615704960340857,-101.4533437064318,-31.522825596198864,0
68.88672631092855,-80.51971680393571,28.492797987950368,0
50.13382035551919,-92.80902949996037,-46.34961678741926,0
86.07949145581283,-93.88626060098406,0.05503422034257694,0
63.9205058705125,-91.76668684885217,-52.0536629854954,0
31.65212608037482,-94.56131246517928,-38.343968392000214,0
85.70702769248004,-99.51104051287005,-46.25161884658572,0
85.06829950172627,-92.27723680898896,-65.07165800401886,0
19.03027394315234,-76.92803754826892,9.95675456721313,0
18.605023181459178,-52.426245297288055,25.177821052753988,0
27.683717602192537,-46.477518378022154,31.258361216847632,0
12.85847416047435,-50.378982702747514,9.963617983002981,0
14.686852906343146,-59.92943063374857,-5.063152226291829,0
19.852270005090944,-53.9337214610004,24.73193523546042,0
33.9614151440003,-52.2832818674293,34.42301332722732,0
38.201727173675785,-71.94652406895129,45.52630445749886,0
17.742825528151094,-68.65227349749394,5.884469546658786,0
10.238878131256481,-55.27119864527628,15.221017943916468,0
18.318732114830894,-53.887814993022566,30.013617305269833,0
31.44680936458934,-53.525676162813625,38.10834367307476,0
34.92718975112788,-63.99729156822945,35.18129047609788,0
19.100315436198755,-65.73049003391806,19.65748848747521,0
18.78329352252732,-63.64896793171835,9.351265500402723,0
36.97119383760643,-61.44886058676606,26.645768650987634,0
26.8498384457325,-70.43857365573368,18.235731751520067,0
15.254796917603699,-82.4233168105622,11.18143876490734,0
31.333071740485227,-81.22326718569758,49.2266518876778,0
34.065461792438164,-75.33417346972816,46.068506578338095,0
16.621876448371573,-92.33249802298825,22.324073203559962,0
44.82964943700564,-70.4790243792002,46.505511719328574,0
26.475276070107395,-73.694939935913,22.26742951270278,0
14.623832107180569,-53.67663076859289,5.923492751647354,0
15.591569521798778,-60.4736731763928,-3.6596533507266797,0
17.635770559499225,-70.54350532602012,8.333069971921708,0
23.92340567913223,-78.3962706706909,17.278896261060837,0
44.54699923707109,-57.64958475499733,33.96220330709576,0
31.849112917969972,-76.10041006964153,26.93293180473638,0
43.278029114558485,-66.10229979783807,35.503596847651494,0
34.28012264202596,-42.93253365754175,37.442526276430534,0
44.483016874095895,-47.309639800414004,37.44653752747771,0
8.215081468954173,-45.64945382665535,1.7074662395542213,0
9.554814815801342,-51.16008449638841,-13.572335533753641,0
7.443999988479716,-46.760824655108,-8.61714749613011,0
9.532370118066376,-50.73103965645443,-13.763990621574267,0
8.119794149497395,-51.11205060485015,-19.796128073331154,0
4.090981959416006,-35.38745000317772,-4.7440640071535025,0
11.239046735237679,-45.58075592749267,-25.31675654117916,0
8.238384386330129,-35.4191929138724,-24.186700776222615,0
49.889541025554124,-78.856750541122,54.16867487401433,0
41.292505528811084,-35.83626832245516,39.6540705505118,0
66.4603934831187,-36.359275381469864,46.813030907075806,0
63.754833961253134,-54.98315091806345,44.34983043368282,0
61.13452678878805,-70.01066882309014,43.71892603169998,0
9.175911412879332,-26.734722900369874,-8.89629555555465,0
24.66082944538615,-10.825565257356061,3.9103864260645036,0
30.747820101365516,-15.203860093817745,15.865915208939546,0
66.34817303584502,-11.436781159693577,33.28837539971904,0
53.00236719820199,4.793107495116853,12.740697009064995,0
37.017810915470996,2.2794541698128548,-9.473597819216213,0
20.26140302307532,-28.150294268088984,-34.61915671945112,0
14.748820536855659,-18.29863699404411,-8.100049307807371,0
41.61487192802007,-18.855547786960784,31.094766032774935,0
27.724751486781106,-7.583143160572627,-25.73455760638359,0
-6.082650811534351,-74.2061893704779,-22.219973431329542,0
0.36500706393079657,-82.86130340564637,-37.3696251697893,0
1.1090829408904943,-112.2023773741539,17.02106385245858,0
3.7513872306284304,-92.77178636829193,7.233567995072288,0
18.149820395432364,-44.430122842461685,-32.57364764964418,0
-0.5243035595181254,-103.73218886920921,-22.261215946859057,0
-4.825671237549055,-90.31076311297102,-3.6171853156535345,0
37.18133551126087,-89.71537142985603,58.34977419311918,0
57.73004441647,-100.80295349402624,43.352521982098054,0
40.9430934623735,-107.77244456779448,30.878796857150387,0
30.774596584833787,-87.53528761592152,52.63207615676532,0
44.28249458529264,-88.5996900147269,60.02433080811277,0
23.162743722828285,-93.13285680605732,34.85317533223703,0
35.962715526490456,-75.21961232819662,34.04839557325406,0
28.70531981539349,-81.96715588933007,31.428820704552002,0
44.96707017410356,-70.37664627284234,40.21570491205534,0
46.06125541802477,-97.0848884161326,51.62317369639999,0
54.737465638668546,-77.0590976863958,48.66483273339834,0
34.00336315108974,-104.0461275468662,49.42988131541886,0
18.318038969742272,-106.15557490617617,37.7341826733856,0
-7.2967138376668546,-78.87528830979254,-28.615823994865547,0
-6.929041911796213,-103.22441602974608,-6.397016358879284,0
10.178524096617052,-112.3544281873844,3.844918161018913,0
25.66175987031862,-108.7515221746045,20.182364198920524,0
35.86748263981673,-109.94731811145095,6.343692517396451,0
50.36038270111408,-108.7633098005165,-8.92760936083309,0
61.75269370687954,-102.7637700489506,-20.21757866696314,0
90.16103067955085,-101.33245455892839,-28.941430190604216,0
70.95658853613956,-109.03375409346793,-28.388421923206025,0
99.52894092280128,-90.82233959996883,-28.245524552858274,0
95.99879027662388,-94.54407596325827,-45.82965574578451,0
90.72482654609239,-98.05232249442189,-12.860271970147757,0
24.606360944446635,-66.57290823191164,-40.89011502031469,0
10.533676085549125,-62.283298318063736,-39.2200720185493,0
39.546143943973064,-69.43038552548268,-54.10812393251433,0
53.20506029453863,-75.25379290699722,-58.47813689247625,0
68.64134285261214,-83.96060149394098,-63.11237715391256,0
78.96023385307372,-101.67643057731205,-44.6344710806151,0
75.58079563521292,-97.79788538423061,-62.606959790791585,0
-0.4108570207082694,-61.51728210596172,-23.964973407359334,0
2.176602895516907,-61.556469249416004,-31.540073987352486,0
72.52228171117375,-104.65766854583097,-19.98756065140714,0
