x,y,z,Frame
72.188684213087,-49.94221334477051,-39.61078866368787,0
-1.6288211639581558,-34.13096106904608,-7.079166129389749,0
-0.7385301110371304,-31.0788327944415,-9.803134438056308,0
12.689937958140982,-13.645521902790113,-5.734628636780972,0
18.13478695912997,-14.00308287928049,5.775763725056444,0
2.6766587125370096,-40.820994967657754,12.327245429378245,0
47.910954066416764,-13.366134334359522,13.289681092346033,0
37.8335772237895,2.5013858041748973,1.7215095776672156,0
51.17058729441286,-27.668734914261822,-35.444334522561554,0
87.92539862710115,-58.13723392093812,-14.070475908408902,0
74.58168392958783,-74.0262888609865,-35.12315640920228,0
77.13987626107482,-42.79658712173628,6.525258815248972,0
83.52648447243143,-41.16084321441052,-25.624267036737503,0
68.65381591226266,-19.029852780247314,-15.352775290622134,0
63.362249091906364,-54.730655443850715,-43.36883153541046,0
42.63690964458569,-38.787587852405515,-34.961932586820375,0
25.13549769163202,2.431311293862541,-16.414027670430574,0
79.13765546892871,-74.97473682538741,-24.6676614654927,0
79.56557138487243,-44.75381435844975,-33.133221947162134,0
60.18863854751249,-20.442241397932516,-28.1083389640519,0
10.587315816197979,-38.10994800260562,23.873861529827494,0
1.4868320874470995,-39.92018256855624,2.9894975694749606,0
3.9492112076833865,-42.3893366287688,11.567305580641438,0
16.154393543815,-39.86884025195853,23.132348211345178,0
-6.045931475718845,-46.06758566454905,3.488429387124092,0
-1.1699439489667582,-42.29522055457987,14.109266690409811,0
9.14952288380113,-41.03918868478162,23.868797553192383,0
13.613317737109968,-49.798329920786195,21.819853386268807,0
-1.1935232268781706,-52.354859406522436,6.7568946353474155,0
1.846833637634122,-51.5920136788151,3.883954133119844,0
21.35264086442977,-48.82210410056123,18.196614487577435,0
8.631879885693188,-55.98288926649538,8.494166771410246,0
22.344444197647423,-26.168414514173744,24.924880229785547,0
49.717515123267475,-30.04857061411787,24.716890232655548,0
8.42760707627517,-58.70163898225517,12.852871345506696,0
57.58750060265242,-9.35810651333786,-9.849091432917433,0
24.815380096247104,-36.483582219070556,-38.80999083216946,0
46.83944284604621,-4.952056225312803,-24.074493317182938,0
63.82549994038594,-35.536861363020684,13.034898069179166,0
61.520478424579906,-41.352501717841086,-34.2926732759117,0
84.90820176657623,-52.45829142651697,-3.634475799273398,0
76.89690183408766,-32.52315354171394,-19.665395219985598,0
55.51287186560322,-46.84341454949251,-34.73934745283298,0
68.4445176088975,-33.53688430759097,-28.62696715190084,0
8.936422440333349,-30.994472920245016,-35.40633938286525,0
3.197788386087098,-42.24783197561309,-1.0250742144158962,0
4.146897116030773,-35.9928583683022,-24.579864114379816,0
48.25437890555163,-39.58397713886406,23.852143843461818,0
30.617632781224835,-46.73590719125644,20.54508483206283,0
5.224588570168347,-22.85289350270988,-11.635466710319761,0
88.72626682380363,-48.96337770577514,-19.92965264413785,0
75.52841738148913,-28.659894577200156,-1.8822672929978757,0
24.051700745774987,-19.685396205855223,19.858750287151498,0
70.4885594306815,-65.68376550330873,-39.920182816579604,0
81.93405345237005,-59.58738282248393,-44.88010982461703,0
63.122658165591766,-19.82965799446351,6.435563343577864,0
84.0882366050207,-39.93280600025746,-11.082518290335155,0
81.04227099179235,-69.88921809266375,-14.136776008247015,0
69.1916866674957,-57.206934986125674,8.122053968516164,0
59.182273934956385,-47.63132306104314,15.672964305737327,0
77.89586190408875,-63.750265021375256,-2.244974840946894,0
19.991220444303565,-31.025097257776896,26.226116591514224,0
33.752685237962076,-34.81447969003484,23.775027615929353,0
-2.37246019713441,-38.6356588275025,-1.7888576277390464,0
-1.5364558071269732,-38.25382118469121,-9.192495767952755,0
35.950092254916335,-16.82868042801734,-37.74413796881446,0
15.100745171615904,-6.918903824638327,-28.65578634495003,0
88.57513456091566,-66.48334200352853,-28.218340376808086,0
87.35161963531144,-70.73045724473391,-34.26357646986841,0
91.19718444583678,-55.7674645085718,-32.233131531746984,0
15.268930441578616,-42.47820872860135,-27.985304313297668,0
7.0793275091389365,-48.123814936218565,-11.297535650479746,0
7.957831499386242,-44.70427541215193,-22.571445037087646,0
5.34257020615066,-44.81621131539783,-15.217597459195465,0
13.028731377114918,-54.18919942208205,-4.11949468445581,0
24.06796420923178,-54.03452912458373,11.579283241976116,0
19.405993031637184,-56.86096544038701,4.263237167859485,0
44.154402341464724,-50.848375078826386,13.955219257007695,0
33.074871238530676,-50.75177972185867,11.962462991978457,0
27.991179186990554,-56.1222984918959,1.4346375713973238,0
37.47902866052038,-53.65641872343558,0.04754429841926605,0
20.825384519156096,-53.048096749529584,-9.89186814149761,0
30.336608200705093,-52.7363936349915,-10.776820985779223,0
15.741211638071256,-49.70864698585222,-17.539158422428503,0
23.892118072728618,-47.206020334627695,-19.846023413680083,0
61.83783139173258,-70.2037391876638,-27.6031704172928,0
58.2287718718035,-55.30067385809482,-35.341813094594166,0
67.49579032312424,-73.59865727112714,-21.247346048673393,0
60.98748216252662,-61.06327589621415,-33.28198187842047,0
70.8198561309581,-70.93116201571583,-14.326013119704715,0
51.680864158194495,-49.89802501519922,-31.525122154113927,0
67.25747374827905,-68.91404971233536,-8.079935752001978,0
58.66317868613647,-68.47226454402721,-15.601746360391127,0
54.96228477841794,-62.96590025684352,-22.52229182245098,0
52.95771699908146,-55.396557191063984,-27.339712671895764,0
40.46136031638899,-45.14084041897196,-30.679924028588093,0
47.29795299693083,-57.58203263041173,-18.367033508158432,0
52.00426209668575,-62.751167894432704,-10.888143560056687,0
60.18693227001456,-63.517041753393535,2.656464949640324,0
43.17876925746893,-52.09034077073501,-24.028856892150735,0
51.9177912432161,-54.34738552775327,8.750922774980582,0
44.9930458897731,-57.31272036364317,-4.325348636516305,0
39.28977093946307,-54.82622289847807,-14.724129246932666,0
34.32545176566045,-49.03221128987589,-21.722318034300294,0
27.389336990251234,-42.67396490371536,-28.94514392192804,0
66.82373929243668,-84.31841605638554,-12.860274343941887,0
-4.613534325086989,-62.904241111591695,8.184707318325426,0
-22.623231457428307,-63.526389369914554,-14.129229740944824,0
-8.535237155196487,-46.80012835961987,-17.52499343982889,0
-19.856595587167895,-72.13778768266961,-35.43360652748447,0
56.72461978185069,-79.01032269397699,7.107824161358889,0
37.121198820502805,-77.25305741413699,-50.80766563928109,0
-2.0915009699047986,-42.358504493230576,-24.68878053402936,0
41.00132978983216,-79.46242463786571,-1.8205693110944448,0
-2.3090082446456877,-49.175137637775016,-5.299452916896607,0
20.56988374131892,-69.01570545904008,49.978037332314756,0
35.617269274689875,-53.58356217313717,47.66314100343594,0
22.076413593183567,-50.598515810676204,38.28976130307968,0
-2.9621317312471795,-56.364476701953144,2.6755857150730926,0
9.032272663019416,-87.64876519843659,28.59121411079514,0
33.847975616367876,-66.40891561391187,24.448114632289236,0
-13.61484763411678,-72.59033122477851,5.222084911830919,0
62.828325697967564,-87.65175698054362,-23.89663482722674,0
-7.659372984371113,-66.81955406331826,9.282158531611795,0
12.527824211447506,-61.135282303461494,42.62616953660004,0
15.286709695760372,-55.50499329868751,38.218688586536196,0
3.705455390252446,-76.76516585148745,14.155924368865048,0
25.578190980159622,-84.81747629254592,23.759802963812003,0
13.369386262615526,-67.26285440507654,45.834055754862774,0
25.966784789451587,-62.81954468550719,49.47855710524915,0
30.04516300602796,-47.772519267077406,41.716102818452136,0
-3.3763267850518157,-74.25471220000685,-40.392809771401055,0
45.664963691840974,-70.44865720644839,16.24348126667258,0
34.35565159648222,-82.1280140652074,11.72178964739527,0
11.148318413804374,-90.52756224447754,-12.41852081092296,0
63.11458807258702,-82.41343462871845,-2.873587196230273,0
51.70470233670729,-83.87536388330204,-11.813943927579691,0
11.812229847506373,-74.80324229810199,-45.95347036984258,0
50.3753239743804,-91.06388702886285,-35.30784674157112,0
40.40205780896558,-88.19682874594037,-28.938704371228265,0
27.005430986033282,-74.5195459057527,-50.91497592572216,0
0.7159260015792592,-49.646082955216194,-5.346945533026852,0
31.55525885824022,-46.069092033453494,-43.8149347186923,0
43.75694551260436,-52.84116318019048,-45.219759356024625,0
16.372092129037718,-42.76450572667151,-39.251761098785906,0
3.808708352067456,-39.941232286801295,-34.24773905626941,0
53.84824128935883,-64.33743769312063,-49.49070698007622,0
24.189058778846533,-82.16099351350877,-20.07623561260391,0
1.6154932255235501,-58.17044986926753,3.3539917258908933,0
8.009707243496015,-64.5453107802177,9.568233870580283,0
75.33068863688105,-79.63317751545625,-14.520433757321271,0
-16.665498940158294,-89.87886226880511,-19.974305205464265,0
67.17456562941011,-71.41277089719574,10.804424659090246,0
-22.12520316875552,-72.10875537502852,-1.8247228924691907,0
66.32643788971052,-78.68007676422415,-34.38800164141291,0
73.24225951590974,-82.50726556121765,-22.695235871903286,0
-3.2423160596715914,-86.73890643689946,-28.876796377765736,0
55.465008587709015,-62.03302014341517,19.582461533339178,0
29.339701929055398,-84.39539597802343,-43.58224095950784,0
72.70632493014243,-76.33235500896825,-1.649466185073695,0
42.51748547401461,-84.40253247108583,-48.59597499927718,0
18.05914942732815,-63.06956407359459,17.27087450724727,0
12.381431296647996,-84.21697526376816,-37.26562273616712,0
63.175259919259894,-71.07587696588578,-45.12548526378798,0
29.474289423118183,-53.1793896885202,26.64314770356094,0
46.40745551378157,-54.198383813202554,35.87466968944107,0
-5.137029420730991,-45.537160534634765,-12.929689602248537,0
-2.5481409107182023,-44.6541710142857,-13.674328172085893,0
6.473287800365147,-49.538286171232954,-23.700791457498497,0
5.37055255844234,-54.01299876956068,-11.988613350630647,0
10.235421686037679,-50.51367563241952,-30.954727091880148,0
3.002779999561543,-50.53032637115136,-17.87241237611822,0
11.146242842727974,-61.51308190125778,-3.610414087112924,0
16.3230040084097,-69.72298120092924,4.988104132954064,0
21.000608894908403,-67.45588985625284,13.607316203736977,0
29.44273188266548,-67.49436486422334,18.305471113060428,0
39.882757048883875,-67.5983367675178,18.433784726766085,0
24.184002126927385,-72.66726902108442,1.8287019137187805,0
31.746050678220154,-72.4840570731035,0.753681783079634,0
15.692665526199189,-64.69914497025859,-10.578766528918008,0
22.64806915693818,-68.21221123261441,-13.771093288494129,0
11.45019522281788,-59.15626965975293,-17.648227842523116,0
18.7654232311665,-59.97433662550982,-22.590920574518858,0
50.63771782642755,-64.49871664789352,-41.299171335464074,0
65.04495142778669,-79.93372138515889,-15.3737688174579,0
54.6222326947756,-77.17707957775046,-30.332672308049254,0
62.332296079698935,-81.94874518708582,-22.103840042014383,0
52.589308054881435,-71.00859959211638,-39.0697053244441,0
43.24439201342732,-59.05423581779731,-39.094556817792494,0
61.63481646078922,-78.43470339996094,-9.116918648558482,0
45.16176027862658,-67.71309958318626,-33.655501779458575,0
48.126447126220064,-75.7584443135441,-25.809281229480668,0
53.76232580504946,-78.30346544514042,-17.443080940953887,0
33.152259438448404,-55.85663124205357,-37.08395163276763,0
38.59251030890713,-75.88159045509347,-22.11337683089477,0
45.496568481850986,-77.22096597566156,-10.970534499610793,0
56.705241578200656,-74.37836738930282,2.1637115917083207,0
37.96800756960808,-63.97648753992169,-29.68055392187215,0
49.11671885689688,-69.22878971981756,10.3311866448478,0
38.632516283534656,-76.7680983898068,-3.4719429159708914,0
29.079839897778307,-75.03650700945714,-17.010221952941325,0
27.72454850559232,-62.760198891257765,-26.335789427537467,0
21.18928031961816,-53.08706125065156,-34.46427837442569,0
10.338178862135756,-78.08513890303236,27.199468332839764,0
32.26589647999907,-72.6259501574181,40.51213127827025,0
41.661956325711714,-55.909280761584625,40.64334351287496,0
23.128675698709735,-58.84363530327122,28.58376567466235,0
23.02746241756402,-86.47632755177779,41.437288657250924,0
32.49178312429125,-54.705283742008156,33.6609885957251,0
32.69954718313944,-84.21187827750737,-9.873772702639652,0
44.17327434853093,-87.85056630662348,-18.573546555423114,0
24.015948254561557,-91.54437734352878,1.6629630299624913,0
54.75100128652109,-92.61974817412,-24.40915517330574,0
12.10634730050464,-92.73195654829347,14.727647877212338,0
-1.8977721593289167,-90.19528100762086,0.2752711362422668,0
-19.6708154581662,-82.75761851106881,-7.176898475244801,0
-23.311310800353574,-68.3190181674353,-22.163402213854653,0
-7.522362837520614,-54.23601409500206,-38.583977376519876,0
21.355514178220023,-58.96901839959743,-49.663821186914916,0
7.667330856664785,-58.79316192165138,-38.54156893422305,0
33.42559534924495,-65.05123449709903,-51.39927748370352,0
-19.523147616514915,-54.85327735990824,-16.302885010593602,0
46.15708359294271,-71.7658906121348,-54.34002568300889,0
53.44596572515466,-78.70049684767126,-47.818796818490064,0
58.81104481242757,-81.0890495112909,-34.41788503944239,0
-16.049048168119622,-54.48517633403065,-25.988979935266023,0
-5.3594267213094335,-87.97254905518619,9.138136302180783,0
55.80092091507794,-84.41930323443657,-17.56722284759167,0
14.532300714318225,-68.42331547757911,22.87934884126945,0
47.24004075482777,-22.31004067463556,-43.408903386473305,0
84.61199469474526,-42.083096188038,14.126094318739682,0
72.65066682813139,-10.91226096341805,-13.469364056162007,0
38.31971299621516,-34.30517125347652,-45.84722041210063,0
58.396031353683256,-11.493181173814563,-33.33207853834323,0
60.22669695022712,-2.7687533594938185,-7.794197763452899,0
21.596712110251325,-29.85615566642962,-45.38086230161241,0
45.50839343119541,5.441127719483439,-28.841101215042272,0
74.23517226151725,-33.15259658904962,24.314811358451564,0
60.414341683307654,-32.54759650162866,-48.22181693212766,0
93.20037906709068,-50.717040908854386,1.6177183671438644,0
82.81323753820509,-23.64753076547503,-18.486668235450665,0
51.618252122254574,-41.98941297509642,-47.39837466790485,0
69.11181750458927,-22.120424862128502,-36.88244789610552,0
83.32649238038628,-24.909079283714675,3.0434720616249527,0
69.52893142297211,-14.363089319233683,13.471116110509287,0
91.32780889604761,-36.917605908552154,-6.285770842637631,0
34.001113348891735,-11.34556573234781,-43.69494702764561,0
70.63916487294722,-44.135812622925364,-49.88211819473488,0
97.44891354603922,-59.40930324656726,-12.463706947793069,0
88.1320769293393,-34.48255054154675,-26.04561307251573,0
62.01040612998951,-50.63338022310229,-52.801220918003864,0
83.39404537859207,-38.0476318297398,-39.0449991807602,0
97.93289514228375,-46.52400932346013,-19.581017863831548,0
75.48669570363991,-65.47972820982788,-48.13615471715383,0
87.2755905014452,-60.40235476590515,-47.04151564554682,0
98.20241754145766,-65.7280189591548,-27.69724930452649,0
93.35200980893904,-69.70303768467103,-37.56322397299708,0
98.23102159024079,-54.99531067488098,-36.34249672970165,0
90.57661400278658,-70.81611539388616,-9.05992991111056,0
77.73501152680186,-56.474547651037604,17.93289207349686,0
67.70683394710478,-48.118562765041304,27.74370889981423,0
87.98434651333966,-64.12958668508917,6.480951129916146,0
69.1254450458681,-84.83944728512334,-11.732014765835286,0
59.60875529362602,-80.04517077570566,9.653838421947048,0
35.86646120137204,-76.24448490395572,-52.90615272314805,0
41.26475854513194,-80.49892166353735,-0.4512857489546426,0
64.77724596806559,-89.06064832949117,-23.310700816441617,0
-6.3887131660223515,-74.22254363888266,-43.328186166937854,0
47.30957447012282,-70.074759538061,17.814045280262867,0
34.67988186403202,-84.1729584780076,13.475216729415095,0
10.837891681405821,-93.33948436606767,-11.83924894012291,0
65.81376509899212,-83.7179192802531,0.07076418396955277,0
51.92086758942696,-84.56434938694383,-10.728126485543276,0
8.738362630967368,-74.10052509970748,-48.85495652677674,0
50.74546161238471,-92.64002699159565,-34.9666425210496,0
40.2251376521359,-86.95936700031834,-27.933127884049174,0
24.25626657097778,-73.76390784641434,-53.86865938116036,0
29.023822021770822,-44.75930464493043,-46.79940300852471,0
41.08865163792971,-52.14050586814227,-48.20678459083553,0
15.255034162848888,-41.85690621161372,-40.02827582869999,0
52.24927860948307,-64.67313230130452,-53.01746987668002,0
23.906380290027293,-82.52514052011385,-20.174971483662524,0
70.8219717392321,-74.28173651788103,14.649173883542616,0
-5.307195986669581,-88.61281535409437,-29.91610392560793,0
59.73405911525646,-65.10904250065845,23.852437360281865,0
27.998722994009075,-86.72295076059653,-44.9366294509182,0
77.525579570993,-80.0939910992506,1.8513933201950628,0
41.31348953383963,-86.3316978120314,-50.458111521473505,0
10.508805894291497,-86.48765324288757,-38.2948897311033,0
69.10888033253559,-79.4506600498016,-34.20748768793964,0
63.381541362259064,-72.60172759481951,-47.320646872846304,0
-5.750229074731506,-62.66602858329148,8.93827827696968,0
-0.21943986441730925,-39.88993486509862,13.984184887871228,0
9.595170687748695,-35.72008925889725,26.058562863335958,0
-2.33175350356036,-40.63543253469722,2.7048930944010023,0
-3.187798788872862,-48.46459746995974,-4.91117378414299,0
0.7885098567408693,-41.071221144715594,12.813519593770339,0
14.882354167963026,-39.36992646968208,25.766945802938032,0
20.78511322661444,-48.87247676432314,36.88948498237598,0
-3.382260731790242,-56.40847928022758,3.266952958604772,0
-9.079634309804629,-44.4193731744061,0.9329878829239799,0
-2.757271277021062,-40.5676788518613,14.983400124501072,0
10.662656258457481,-40.09865727109999,26.638054350096063,0
16.16739740978187,-50.45768696036979,23.599712127473147,0
-2.2767944394695188,-54.52799220255,6.3727422429234295,0
-0.5509652990766093,-53.136584502857744,2.67467385700077,0
21.701751356634908,-49.57386664067334,19.00755161770829,0
9.2485181816444,-59.1487244027576,10.939498592126247,0
-8.898341941106322,-66.71499792994194,10.584401185810197,0
10.765577498838105,-60.9711539335047,41.61997710965293,0
14.155074855180887,-54.247070555066294,37.660300080232716,0
1.8735529758430687,-76.59966132742338,15.854133814899683,0
32.29006909685872,-47.5973675951506,40.88037270380231,0
7.435970753705284,-61.897197617072905,12.872834336791042,0
-0.6039626775300834,-43.76848515126639,-1.6065089824977115,0
-0.28304598926026875,-48.275038802240175,-4.86922971753089,0
0.3905757698806194,-57.82692445160453,2.695052135345758,0
6.9555939039117405,-63.786852250838685,9.86215686737725,0
29.894663248606378,-44.74647324507248,28.174269689582474,0
17.206452517462537,-61.92914756890983,19.45386641883324,0
30.321441009074654,-51.84599055273106,29.32531021533111,0
19.73948099339813,-30.755159499079728,32.21815434209516,0
31.408830608832186,-34.81196682891474,33.91960546930354,0
-5.0228512795696485,-38.57803612448229,-2.2030835463697693,0
-5.98692495119114,-43.879034266172276,-13.021831472062999,0
-5.423910026361456,-40.49883696155375,-9.738226874963026,0
-4.671245901517366,-43.10907924794945,-13.81493590050366,0
-9.786482692732159,-45.506121790234936,-17.19739006238423,0
-6.2373941080838575,-33.27619899044175,-7.743593216441375,0
-2.9449902348053723,-41.11970413145499,-26.12825178583477,0
-2.4119699940414714,-33.386284029223,-26.886465628580744,0
38.44695545920574,-53.427345963176336,47.231828693835254,0
28.198768342649796,-23.507360578644697,36.15322658667057,0
54.64901306612636,-24.32691318313963,38.99712810973184,0
52.77590303204802,-39.32939952958677,42.54623559412457,0
49.55734615059827,-52.55335804311671,39.205113743576206,0
-2.9877674550664333,-25.573627823399402,-14.465806397819929,0
11.974293137024025,-3.471404064349096,-4.671798994982022,0
16.631812444496113,-4.668221255922561,8.7579931007233,0
50.275842675240014,-6.290706546998319,19.19486568386563,0
41.32201574031062,10.973060101644382,3.791340738487472,0
24.46325864988276,11.023613562449484,-18.02735109808235,0
3.039025315595036,-23.64888875336408,-39.907653133701665,0
-0.0846541665261562,-14.691234467066762,-16.217761817814658,0
27.78237815380656,-7.101796994331481,23.07467310526432,0
11.404893693555117,-0.497411376917238,-33.03914066050933,0
-25.964196355154602,-64.16340987429362,-15.241404319284515,0
-23.031163668246492,-72.658253846478,-38.50878652330596,0
-7.0518593887991425,-89.45618880117901,11.397940321856785,0
-15.393877597969238,-73.28253778797767,7.853764607534559,0
3.304555766491425,-39.9106339179755,-34.16111803045766,0
-19.44144377716633,-92.36323643039415,-21.01739870964586,0
-24.5306088303069,-72.5189978533133,0.7980931541142021,0
21.905121008683313,-70.92512389744911,51.84779512968416,0
34.150501690695215,-67.85029247097795,26.790920139568104,0
25.83633741580601,-88.06569926685873,25.391557230482086,0
11.605282746160896,-68.24797200284188,45.88321076739441,0
27.23856969453338,-63.39791658666115,50.68405726177373,0
8.543237548959787,-77.41195300229147,27.047198927647617,0
21.542780902652886,-58.7629931737613,26.587883378953208,0
13.146958182026863,-66.5198478866854,22.837609254388497,0
32.39054993000814,-52.65422045475565,33.87741311082447,0
32.9744862838378,-74.79363967252692,42.691290070175995,0
44.93677580582528,-53.92907324033605,42.42726693853995,0
23.734788578162817,-88.84293460404396,43.68388131600977,0
7.792161037923801,-90.4645211468992,29.302687866668006,0
-26.634496647928422,-68.6509975199165,-23.059034415738342,0
-22.22535137238045,-83.81179520046105,-4.703811680963801,0
-2.7625797626501423,-94.10261348405459,1.2551405336247703,0
11.86574830557017,-95.38494203001736,15.996043880872469,0
23.961040432063506,-93.39613468957545,2.5423764533806024,0
32.96749999807499,-85.71730803924129,-9.534205968876401,0
44.67287361796913,-88.52415355771451,-17.78394390204103,0
75.96790130112261,-83.89966203753711,-23.392877572051308,0
55.289648172666475,-94.40368242582407,-24.044352170894637,0
87.37825329072177,-75.54904231801659,-23.32213191763542,0
82.63649602724853,-77.86999742996694,-36.511644975747934,0
79.32852806909067,-81.57379206371525,-9.943607976787954,0
4.866280233244071,-57.59240692511718,-41.80897362563633,0
-11.439866543437116,-52.443063430686294,-43.025865928958424,0
19.14086905217248,-58.26210225059563,-52.068902469175534,0
30.959186520739895,-63.803859990622016,-54.553620425851996,0
46.00434476020018,-71.49763699675141,-56.28405678735623,0
59.05399347783234,-81.28407582570358,-33.847835024021244,0
53.63174663234601,-80.4746786956556,-50.04890097233664,0
-21.36521951351022,-53.772613056489824,-18.159832474537676,0
-18.61459162752398,-53.235135080003175,-28.39034354624665,0
56.732427309242,-85.56127775581747,-17.08323467297466,0
