x,y,z,Frame
80.54231796498202,-122.36944978831941,-73.34217547256013,0
19.176658166786712,-69.27257051746523,-35.20406071930218,0
21.302463672218423,-66.14754494031435,-36.479154261785865,0
34.425192633197916,-52.37692451630995,-33.32858769930666,0
40.10488064468587,-53.95474908343748,-22.90615276097149,0
20.73696059268337,-80.25561467426002,-19.2354831340079,0
66.7140630316868,-70.84758129356283,-10.201859467404553,0
67.34300329651047,-57.29555974098326,-26.324396441370812,0
65.25121317489285,-95.82262956529048,-55.94229127835403,0
80.70823761752298,-133.46465562970548,-39.28083607006344,0
65.44883826216754,-143.21731654561933,-59.985638813680694,0
76.67659329885797,-113.26370644540258,-18.284685845971058,0
89.37647050146079,-117.68436912204645,-52.319642832689965,0
82.5799215285597,-93.14438777860602,-40.17984323058839,0
65.96817652886001,-125.15716357088439,-73.66184483647525,0
55.98523057581728,-102.15624852813914,-57.443347051633666,0
57.208610552181845,-55.05861489152468,-43.683764526983786,0
67.34767542929046,-143.77165738142637,-49.43860484422749,0
87.63635324531249,-120.69518908678054,-62.53800696220419,0
73.91884140401362,-92.52944669677458,-49.83023322846473,0
29.18190513027321,-78.70988699854806,-11.99694224248247,0
17.21070184037964,-79.09637175083596,-26.990531158029384,0
21.417221522897837,-82.66058961242403,-18.973844178236664,0
33.4228927876042,-84.71081592602003,-9.070413355164263,0
14.298637368637046,-85.33275020689975,-23.200224978976653,0
20.869241003527748,-83.99659120076392,-15.53812234149007,0
29.83498923237412,-85.35886190710187,-7.9477498185826185,0
29.525457639893755,-93.17480815110751,-8.224720327263013,0
16.845013090766138,-91.69831918004604,-20.5373961813093,0
15.340734811739653,-90.92767208158868,-24.392750553475103,0
30.920944363096055,-92.17739256874118,-11.053477646078733,0
19.644363890808016,-95.06425436824145,-20.379570751349572,0
37.0151179785074,-70.65586518941363,-5.497272370346725,0
58.64035134699199,-86.55851463431668,-1.011646477503625,0
21.464557938655364,-97.62940098604778,-16.40352307509853,0
76.50605753286835,-76.27033387875895,-33.32915775948548,0
43.506121621847775,-88.48770044084266,-55.62970407263574,0
66.6419640866777,-73.91906589312701,-45.58381082576601,0
70.68008264941653,-101.10861639446208,-9.726340845437456,0
71.7839608183482,-110.71011198374848,-60.875746227489756,0
78.71229202868673,-125.1281545720265,-29.601773406338495,0
85.10140193300582,-107.84579854076807,-46.23979554519535,0
62.1855138120729,-114.10238757907806,-64.45079225332114,0
78.8422158286898,-106.92404269104664,-53.66036405292472,0
30.63150117320275,-77.47761020436711,-57.01580362825914,0
17.505236364375616,-82.0093352828237,-28.69781134056077,0
23.440176816334393,-77.0530295376651,-48.794052585170014,0
52.08971065051417,-96.5489562856032,-4.1883625461890235,0
38.11192556721684,-93.55016690676348,-9.682600707083342,0
26.558462663529447,-59.98919063991406,-36.57930675493821,0
88.68294264869618,-126.20598016366492,-46.52607788949341,0
84.61823891333768,-101.55504399205194,-28.191943672936713,0
39.79415030657108,-61.85954600629429,-8.875634079024868,0
66.1159405897479,-137.76460323289743,-69.84265127515862,0
81.65222892323953,-135.88865071402876,-74.4069895421595,0
77.9963869543956,-87.17298482485565,-19.82922007163392,0
85.83054113060827,-115.29324018130615,-37.421523763635044,0
69.17423958909303,-140.49276397049758,-38.1801445956093,0
61.71475949511483,-120.95902934073345,-17.167600237667372,0
56.97346054072444,-109.70651182911926,-8.435523241475638,0
67.4557510014886,-131.83413082514997,-26.804072205960605,0
35.81831722427721,-76.7738112418484,-7.0953339283248225,0
44.2212061886391,-85.17298862578971,-5.905265618501225,0
17.362789259811574,-75.25806383186041,-31.541636327023557,0
17.31911927989375,-75.97367127659165,-36.75473741710935,0
57.03427336310144,-79.80082460705032,-54.897197885943065,0
45.37107562724047,-60.7818485931869,-52.97194929513184,0
78.82905396671529,-141.33799683683696,-51.82247826491429,0
77.04088348378218,-144.35116229549803,-59.004214029431346,0
89.38762594320629,-134.45241803998275,-59.73161651013465,0
32.12477866118634,-86.93815156524583,-48.47415641041916,0
20.149013974931524,-88.51699846460791,-37.10777929167286,0
24.628184903239728,-85.14851417345422,-45.75095368327655,0
20.022656156757613,-85.70372684082099,-40.73522111488533,0
22.743565393584994,-94.36779652282239,-30.45749381708968,0
33.02357451996242,-93.62399722883447,-18.75162182001948,0
28.069563991968426,-94.70773602448772,-23.855710933667257,0
44.438377351995776,-105.76587289203182,-13.818125750640345,0
38.407169677692295,-97.7838310603112,-16.207128459548017,0
34.814782264764276,-99.90415779054064,-25.422540471870782,0
39.62200290415131,-106.4365840826869,-26.2080430074434,0
30.68224585481198,-96.50243596548971,-34.50863152683453,0
36.11105676980364,-103.52004134598374,-35.736086980129656,0
28.51015877724594,-92.56678601922162,-40.68439117099196,0
34.695021235377716,-96.32966859006751,-43.41794539117541,0
53.32000494575635,-135.82027799118842,-53.10509914231037,0
57.82331842150718,-123.02103089311044,-64.44767787119524,0
56.679646831265096,-138.89801164116486,-46.01209261371948,0
55.169617407464244,-130.0107065123692,-61.55889510690189,0
59.87680455807631,-137.4693981564763,-38.80338602189488,0
53.55985762739361,-115.80929772241642,-57.678595363682426,0
56.59924296926285,-133.04518456530917,-32.81725989362363,0
49.61250885163375,-131.52306268483235,-40.73910159388905,0
47.68510206709234,-127.51906515834496,-47.861762573778016,0
50.01137541324143,-121.29621097512329,-53.703756616517104,0
48.9480784664145,-104.94252247821304,-52.35771448119023,0
44.14784075697093,-119.69434861839768,-43.38684928030819,0
44.93954150488724,-124.2814632853772,-35.10757096695363,0
52.2560087491326,-124.06122968824576,-23.904313406032667,0
44.878421324538515,-113.10238264451382,-48.50708673767662,0
48.06109717046323,-114.44786130873193,-17.87463395894521,0
41.45693942570258,-116.05518919400107,-29.092286681984824,0
39.790269812144686,-112.02884862178561,-39.501683454475874,0
40.74535281317622,-104.74576805195916,-45.353331801684554,0
41.19312517766264,-94.81290380500587,-49.98786514255942,0
51.959456152411555,-139.43060915105804,-37.506671858045486,0
11.517345754084289,-102.53222129449684,-23.727219991004485,0
-5.224705946963099,-94.4506407792968,-45.74255827854745,0
11.473482872502286,-83.16623334344001,-46.154843619453956,0
-7.106850475892734,-101.08483010729147,-58.82631609243461,0
41.55576073810041,-131.2757677810049,-19.931217687394813,0
36.96970089970996,-131.21667401155176,-71.26252829443494,0
15.912813298031072,-80.089225799243,-50.42337583619101,0
29.708482882164137,-138.27110045730635,-24.119401066223396,0
12.590672893911606,-89.49905080904685,-32.827654959500855,0
16.843129084390327,-108.65458443035486,24.06986221963923,0
33.60403603925867,-105.44609646590465,24.128146180669724,0
27.099749234342973,-97.57988085649392,11.27131575325372,0
11.982124192980697,-96.06255083250088,-26.858874666823244,0
0.35360473746744536,-115.80466017137307,2.3362689405898727,0
26.926986519560575,-120.30000130764482,1.4359902587858633,0
-0.8127961374661785,-107.51416338099042,-24.55152880909281,0
50.8023331538789,-140.827818754716,-47.92449899318919,0
8.617986138106613,-106.13775452621721,-22.152678925827235,0
17.039823465325924,-101.57136636330213,15.581865436112075,0
21.069957500306217,-98.71471556384883,10.747750837809566,0
5.983123790132272,-110.31664530836761,-12.951951505016474,0
14.467326160350602,-124.4727849068415,-0.6162058870438598,0
14.348692206858216,-104.78734910623902,19.40603912515669,0
24.81882500907909,-110.12181546881799,29.191885436382243,0
32.57480496325716,-97.9472364507238,12.704075131711528,0
3.6588325323368633,-111.75180784137632,-64.15139533952532,0
33.98507397011817,-126.04411441915215,-7.975844702576868,0
21.780608288984517,-132.5851367766703,-11.859224948833637,0
4.532495940729844,-129.44395771393295,-35.437580069787906,0
47.959216078651224,-135.0969398252735,-28.685522534502116,0
39.533434263575494,-134.7709153551263,-35.055505779677766,0
17.83299974961436,-119.12842227412423,-64.30219324762112,0
41.828054863793334,-136.2201213145559,-55.50314156954105,0
31.887023061330304,-132.99311902794256,-50.08419629473278,0
30.52751889696711,-124.5904603387675,-67.75443974363556,0
13.462516159051221,-89.5725198288994,-31.92249931091015,0
44.71764086259096,-103.02712798973269,-63.31670285843278,0
51.76611038641891,-115.09978765668885,-67.22300634541918,0
33.420435589646125,-91.15150304147008,-60.08628738586764,0
22.228438023440773,-80.89309655425538,-58.81558768448701,0
56.25925572229873,-128.77058344918746,-75.20700116670635,0
16.093329812319215,-134.62713019735878,-42.66438329526944,0
13.65674233312701,-96.43263650276658,-25.03179574874398,0
15.921346766071515,-102.73316800731307,-18.869813048131164,0
60.7077387805257,-142.83474198239648,-39.012160807106305,0
-14.870830562318327,-112.16624576096268,-45.44580700960038,0
52.75335471775398,-128.72782471054862,-16.951364824638205,0
-9.524863070017831,-103.48105866483186,-32.39265276758047,0
57.46825389369486,-142.91889193093684,-60.12430522804792,0
59.642228989652786,-145.13368822155607,-46.88289774649775,0
-4.011580222583543,-122.19993845470384,-53.013250556230375,0
45.441280378097424,-119.20150008982544,-6.806128437071155,0
27.366650500145678,-131.6063248984937,-61.7452626940149,0
57.448863164403576,-135.98140873747107,-27.24242300373263,0
37.67815859255536,-136.4553817072446,-67.42292127789973,0
21.82183259235411,-102.21887390357243,-10.417797405418776,0
10.231413016361174,-128.89785460690717,-58.220713233382995,0
60.18318647166023,-139.16364013088887,-72.6604149873686,0
32.89382096421155,-98.57094788700792,-3.205631622965791,0
40.009216763537346,-107.85923034051233,6.991252006371252,0
13.13796678888828,-83.83300318315341,-40.54728418466288,0
14.196430383158255,-83.3795922746938,-40.42769727272733,0
19.754368352697814,-90.97047186536471,-48.07339310409136,0
16.239568611599072,-94.11086986125042,-37.78343049081009,0
24.823509007938867,-93.05102340244632,-52.892107649730235,0
15.805926998274064,-90.06923488106719,-43.13243330556467,0
18.37775629864144,-99.35216695054405,-29.568366498648864,0
19.767250135591443,-105.4133497409386,-21.231039262593075,0
23.054397765833112,-105.46911733982574,-13.477562158567684,0
28.487660889265285,-108.2044431154054,-10.9157980793155,0
33.15702909961634,-116.1309425346896,-8.885292317184705,0
26.752265374887912,-107.60525081973708,-24.271199871177313,0
31.17598811066196,-114.17270430785724,-25.54789378549506,0
23.88633252338384,-102.80550751115418,-34.28246748571276,0
27.58478137071859,-109.17196332074589,-37.14235888533319,0
21.680289217031333,-98.66532097534449,-40.98278374033363,0
27.945236587365542,-103.12730157987764,-44.775176028766836,0
50.709517698741244,-126.98171225104589,-65.85052936480398,0
51.87163380766664,-139.3599081013259,-40.197640213685055,0
46.60890568994827,-136.58426139405165,-54.55197457823998,0
50.32207028737771,-140.6715430878168,-46.29102658141405,0
49.712019859821275,-132.35305867601605,-63.039097654249666,0
46.002623040332345,-119.57147414666139,-62.76596197965319,0
48.445156983243415,-136.31162528919077,-34.16408198874475,0
42.487411593722285,-126.39366649459431,-57.35567410383708,0
40.37893645363795,-131.9486602130636,-49.72203183193643,0
42.90795118779996,-134.98754247290825,-41.74366795052192,0
40.22995375267964,-110.70624466018529,-58.1077801071326,0
34.88782929130396,-125.77697723296339,-44.8956105830592,0
36.91407088324786,-129.2635853078093,-35.220651708255275,0
44.10628633342365,-130.25273445518255,-23.66734653914384,0
37.86608842511206,-118.98852311641203,-52.29560299416905,0
39.07986348581946,-123.57519677678084,-15.923287444404723,0
33.496323780286026,-122.43316088421169,-28.798636530229402,0
30.80031334152862,-118.51277707519368,-39.88440683273701,0
32.620302247898415,-111.22309422860853,-47.96351842846638,0
32.583936195789555,-100.77984297377671,-55.15341965615092,0
7.674060022515688,-111.44632322675726,0.32624009393355663,0
22.071947648255552,-117.18763211559768,14.822375199630843,0
35.19462668886008,-107.51757227025017,12.320045115001463,0
25.57424861751459,-101.60021516266679,0.510129328924262,0
8.52883314354973,-121.5739178513362,14.24609784074054,0
32.47717223069379,-101.4431234213414,4.968359302418784,0
21.817058428380296,-137.5748514223881,-32.018205600671024,0
34.39911068171085,-134.0557644236413,-41.55438900046351,0
11.026068949748357,-133.37534728336863,-21.856961145142705,0
43.39789167048556,-135.5919782778128,-47.239155951359386,0
3.9464265912009773,-121.10656751853064,-10.840614134077327,0
-3.796054470600869,-116.8098274038712,-24.56896206789312,0
-18.713348309391645,-108.0790878376184,-34.27513428572561,0
-12.18386245267173,-95.3363786616145,-52.73016307699863,0
9.145930259503881,-91.6959847679386,-61.69737422007001,0
31.27662961588007,-110.3957150544225,-66.27370038088422,0
19.91714033511066,-101.53690243511532,-60.23979811013416,0
39.51936153134585,-120.10618116304828,-67.34691467962571,0
1.0522383145309777,-86.6559358876971,-48.28179907231771,0
46.423165909910274,-131.22665594652392,-75.6691077371287,0
48.773392286084146,-140.48818512082272,-71.28913421078086,0
51.178046371092684,-140.49766925195433,-59.379767769393105,0
2.6679990341995765,-87.16239137846195,-55.3526377372424,0
-9.426758550347142,-112.8436474961426,-16.183889945487522,0
44.56143763969996,-136.6832238119425,-40.76961074235941,0
16.226435492944887,-105.87538836984874,-4.046692336612378,0
66.96193033699959,-91.11484831988642,-65.08040014951969,0
82.79285731579694,-113.94700065024945,-11.575378664975243,0
90.28506441596963,-86.3666582749047,-38.23166894017892,0
55.59620554420538,-96.03889683419658,-67.25544263171838,0
79.0755940977455,-84.074768153069,-56.02845535188745,0
84.99690185304016,-70.42995813304137,-32.16994620332875,0
44.28815432046508,-82.71746862471464,-64.03482321537643,0
72.00107200342146,-64.60439774814948,-50.518924073173906,0
77.51098145871131,-100.67884377712032,0.3868501815648929,0
72.7359663407141,-106.3801974497532,-67.21702840960452,0
85.44954581442165,-125.06667029113481,-23.771421975646106,0
91.96859809586805,-101.02448979233903,-44.69083801440178,0
62.9258517501355,-109.59013847250174,-71.55497324463947,0
83.93503057195444,-100.15165659345251,-59.303678559935946,0
92.03018571346922,-99.81107844448758,-23.20564223496794,0
87.19097865537897,-83.01632392011541,-12.751692479376853,0
93.72894680964657,-114.68591309099214,-33.619998608244025,0
58.908328527996424,-74.07699261666384,-62.80726631423243,0
82.3999350714775,-118.38651211566759,-80.71347315457339,0
87.94816674050465,-136.4065955484207,-37.5618204127366,0
94.7797510436113,-114.62164398839474,-52.066142796211395,0
68.7372006172888,-122.70142595544274,-82.4606209539111,0
94.25160366635578,-117.30160249118505,-68.5680156146531,0
96.22781543894008,-126.6988872089822,-46.321976129372324,0
72.12988025484276,-140.26277885408626,-78.68280585941967,0
87.01742754879326,-138.86136519979328,-77.82804037411564,0
87.44635950800217,-144.29911567843175,-52.461396957653946,0
83.19426911084254,-146.21185391277555,-62.306652213757644,0
97.45275917185063,-137.09233330466577,-65.00184075033168,0
75.28552751273146,-144.1409999820553,-33.89968203986255,0
66.37865248404378,-122.85305942524774,-8.588438935471292,0
62.90983317189698,-112.67176274534235,2.0822703821016395,0
72.74615334539497,-133.88325564926384,-19.36265711251533,0
53.02995634486789,-140.9482030464459,-36.689183684250565,0
42.502214856880975,-132.16882060229653,-17.812675562904005,0
36.730519326372125,-130.8815068827253,-73.72454042990813,0
28.721225626212888,-140.73279209036554,-22.588521112457478,0
51.699157019508945,-142.61562871527718,-47.65938916545916,0
1.277729224817149,-110.66986800093473,-67.48364313631944,0
34.82948832774715,-128.18696765053534,-5.478845353733487,0
20.524231432511904,-134.4141390894197,-9.97853811652793,0
2.795625805748457,-131.93081695113867,-35.05596483063955,0
48.902939025111415,-136.17962605625198,-26.408122046693055,0
38.59348065972637,-136.32330259882502,-33.932629066572396,0
15.99986639323205,-117.59411242494777,-67.49321683116658,0
40.98722527202683,-137.93825899819296,-55.3743539203646,0
30.524568447528804,-134.18435196088575,-49.38327144891348,0
29.04122426281862,-123.62041523744908,-70.31131549633726,0
43.739146046342114,-101.04978794097245,-66.42176322363433,0
50.61643763731416,-114.01080133546412,-69.30560211203726,0
32.70884644307672,-89.9650346199643,-62.069237855024,0
55.53710332960149,-128.7274794948457,-78.57020365162742,0
14.666318770205171,-136.43305539133496,-42.93251939305068,0
53.49951369609516,-131.05652054506496,-14.849017409635515,0
-6.7238463588162904,-122.57459272177572,-54.35957063849268,0
45.7333114647721,-121.5905867648839,-3.7612335342800223,0
25.32710501110877,-133.5529243113081,-63.08727577924503,0
58.3265182882168,-138.787465960409,-24.833449254497687,0
35.89635253360262,-138.20819513889538,-69.1112171631396,0
7.395254316050427,-130.25807237794444,-59.28050470421319,0
58.87916005092228,-145.68153624010088,-61.2980034428435,0
60.32911322216039,-142.7567113156715,-76.10345354403333,0
11.265854346585435,-102.26705428188602,-23.136863101286544,0
21.15169692360243,-79.54041520710437,-18.156738506714643,0
30.817580364401252,-77.35953927211455,-10.552232593531421,0
16.874682860934733,-78.56983777347811,-26.75880808539373,0
12.377790099653469,-88.27184403721117,-32.354103231072614,0
20.80869903303838,-81.4075209210978,-18.046181523405444,0
33.750959887728456,-84.64829506374545,-6.779906807257024,0
27.363235903336456,-96.03673779576346,9.622669841707577,0
12.028592487852336,-95.81572446752652,-26.196420879401927,0
12.5907938714234,-83.07407497941634,-25.333197123140867,0
20.525910974280315,-81.5306005305123,-15.785669868079184,0
31.804113745977414,-85.18519459177853,-5.885517950768016,0
30.526736252977823,-94.37685397483571,-6.22941652962133,0
15.223759525734415,-93.55529442986008,-20.721706920754222,0
14.366927314218934,-91.97299057127806,-25.027306798540273,0
31.557976802114933,-93.02804126021799,-10.186557527368048,0
19.936063123238878,-97.75015840315791,-18.064517291126144,0
7.8165422237657864,-105.67770735592934,-20.935083317367518,0
16.222879850527566,-101.25774368683265,14.383965411202842,0
21.18442841087292,-97.65126986516842,9.994791041209973,0
4.972550496856306,-110.07176390282682,-11.646726018963115,0
34.20475608039469,-98.07952468948845,11.49153566122762,0
19.53465294448894,-99.9812727673296,-16.207748611312393,0
15.318479229455262,-83.05752317788257,-28.52373930197436,0
13.40160767264162,-88.01847438194817,-31.376436676048996,0
13.26332096583384,-95.39370272802192,-25.221926005399837,0
15.959655195559222,-101.74615053896214,-18.443451963166208,0
38.94677317185283,-92.59673214212363,-3.887559129306337,0
21.81771195348069,-101.54235882972212,-8.547914017177972,0
33.825854173310745,-97.35232658253801,-0.4022810343894669,0
35.6814874038163,-75.74446307288041,-2.9309603274040286,0
42.82954812212818,-84.29768685995562,-0.7626560146338685,0
16.184413077374497,-74.64637690660665,-31.778080283544966,0
13.27106313802415,-81.49252703080187,-40.75314676925163,0
14.815902687177632,-77.0654032870956,-37.37198736437833,0
14.002039652763965,-80.8770847221346,-41.00732059323728,0
11.312905786715996,-80.98887572335627,-46.41176928359816,0
18.278221965110134,-66.31896337649451,-35.5630494145222,0
15.846605034379019,-77.86937722362914,-52.24078600365988,0
20.34991497919545,-70.65832007351688,-52.080824363243515,0
35.05357195104499,-106.16490390163374,22.983528280670544,0
40.46759489406276,-70.43437742485006,0.40169939568759777,0
64.60704126394967,-83.10672673319154,9.674588281181771,0
54.27827955604595,-97.23493763403644,10.862361123075372,0
42.311234256494316,-107.28037952512226,9.68099584277813,0
23.501035685625105,-61.4961000647259,-39.691403151748005,0
39.08850395968762,-44.97701658172413,-33.29665535966341,0
43.41896734596438,-46.1649594479098,-21.099263488196797,0
73.07219413382504,-65.40541741121825,-3.782325593531044,0
74.44906099029373,-49.13521377258563,-24.664485008129294,0
61.46607494254764,-45.083210335591865,-46.30320120834103,0
30.41974401271813,-68.81578583156418,-63.745160695774025,0
27.745361264832063,-53.4668830465002,-42.44411519688131,0
47.457381756670244,-54.16440771760047,-4.317964045576254,0
46.214913193289235,-54.144324418257625,-58.904971006483,0
-9.628403373671294,-92.60537522354,-48.00724742673534,0
-10.184285676687306,-99.82746129863303,-62.3723531692355,0
-12.218693573999126,-112.76632694967448,-13.802859771276525,0
-3.1573791274721366,-107.08971386367425,-22.138193147534178,0
20.93126295310851,-79.17251463231705,-60.36234329823891,0
-18.410408066534952,-112.40880162531454,-46.39258972343569,0
-12.06915993069208,-103.22777044481387,-30.352736880643327,0
16.301418683583773,-110.54298065734768,26.232623662856838,0
26.13015313976603,-122.6904387341833,4.704954576945583,0
12.947045320306724,-126.86410488311782,1.1015828793784028,0
12.722095088218158,-104.62768379737352,19.316675298203357,0
25.389011831197788,-111.73810986135895,31.15778041322097,0
7.14524336431295,-110.83107832906002,-0.006002485791025719,0
24.9017577881879,-101.04619587388586,-1.4412689552444031,0
16.483587507550258,-104.51925537189526,-4.443256562925867,0
33.45429129352178,-99.94942798977222,4.830739000868871,0
21.416716330843997,-119.7224941567052,18.03881138141958,0
37.95135624892704,-107.70969396839595,14.253135948897366,0
7.344685419636974,-123.46246611653802,16.064578072345196,0
-2.199265057585413,-116.8927539321844,3.159397545479747,0
-15.46239762576357,-93.88532219426992,-54.61478267733453,0
-22.401804613970317,-107.64256443947944,-32.36330242301266,0
-6.6800866025250905,-118.40655378354116,-23.481374745037694,0
2.541584667979766,-122.70057754300723,-9.464774924796536,0
9.959821599187576,-135.03114954429967,-20.910048949316238,0
20.7636453349502,-139.10474020157213,-31.57346108990687,0
34.02312662311462,-135.2474075716896,-40.85717005684688,0
61.10121006313602,-148.23604383064108,-47.31408793883296,0
43.02448719868172,-136.6576648312087,-47.15620447597146,0
73.42173456768663,-148.39206075127152,-47.76199736051447,0
69.69793918669149,-149.25979956180348,-61.149064296778086,0
61.74930354850691,-145.29052793821242,-34.87613941396179,0
18.42823090965022,-99.22292939378062,-64.01906779878416,0
7.1716871118868895,-88.6599442215419,-66.63262870263985,0
30.14677343028305,-108.97692338116569,-69.16931119301675,0
38.5892860792917,-118.47578845450685,-69.77458765166791,0
46.48969760303282,-131.42536827663272,-77.99438651405517,0
51.10152219404645,-142.16616159294003,-59.51482764377247,0
47.91308734305101,-142.80796950436533,-73.34538700055683,0
-0.2357448903935378,-84.07363023957619,-51.04588218637848,0
1.0497435424273167,-84.36032243233345,-58.627479774234835,0
44.246498719598314,-138.0351436536507,-40.26964954060467,0
