x,y,z,Frame
102.01151912064725,-88.19061343208803,-65.07315963720944,0
30.671383695694452,-44.98667148515352,-22.747064982137342,0
33.36267495109673,-41.018417990398504,-23.609979201415577,0
47.480129550128595,-33.8668950626594,-13.471941646672088,0
51.89738270558752,-36.39986977256958,-5.670601218554768,0
32.73482220773912,-56.89069751544661,3.0561572809141992,0
78.08099711908864,-43.037077983577475,5.811290963044804,0
76.05346132544697,-28.142468680088555,-9.106338467704823,0
82.01296889166677,-60.105211036531145,-49.05142585486795,0
108.59430289649043,-103.85390846862151,-34.80784013913965,0
94.13983836604342,-116.58994312307192,-59.08783694797348,0
101.25740503624024,-85.47164969022216,-7.79113611238655,0
110.86313001276453,-82.81126476675865,-45.331674163080194,0
102.97968042001672,-54.77577443585442,-28.07841609997614,0
89.9606922790317,-93.11182393265574,-69.63149312415145,0
72.34589201456428,-69.65243686357468,-53.338110744119504,0
65.5528950453928,-26.47438794652103,-25.974837380664656,0
95.53558562676781,-115.86048066075055,-47.99811703630503,0
108.65351048837553,-85.37874441447441,-55.50600266090644,0
93.43843985989045,-53.97670038364087,-41.85510535474098,0
41.316594428423834,-56.5201448278738,10.5169430992651,0
28.290896936864105,-58.303795305543616,-11.442441701379966,0
32.344781748884536,-59.5148473740427,4.71716451153662,0
44.300276291057244,-61.80128980851446,16.744798026101485,0
23.43409742494213,-60.985072236509616,1.3925323565936687,0
31.8318357219465,-57.03149767236113,12.957336068091896,0
40.82052835049427,-59.64819418611939,20.64863742434474,0
39.811802491239206,-70.87223457175953,17.543615639482294,0
23.612156910011503,-70.22393293307967,4.858949773010407,0
18.645424941002283,-76.98180391930494,-8.789121005929548,0
40.82197140049154,-74.45806383914208,9.470601282090923,0
23.26806168137971,-81.75544186164905,-1.732847072481491,0
51.88047207783442,-47.96710587707891,13.107865798585474,0
73.95011067682043,-61.94834274597357,15.830322325204822,0
26.078867971159035,-81.70019482721048,6.043358677131105,0
93.18734127277817,-44.091318190705444,-21.123071498940423,0
57.575566541867616,-58.74571088796682,-48.48707368434191,0
83.64292271455106,-39.75045396723979,-35.157194156659955,0
89.91614898634495,-72.82642709754694,1.99470527042171,0
92.20813077669784,-74.93263196060161,-56.2923640541301,0
105.65851839299738,-96.32791993459439,-21.987493991035286,0
106.46217199302228,-71.82236816398989,-37.375653256898154,0
81.0370668864601,-80.61860591492876,-62.57445844315036,0
99.96220482645658,-69.84585668623824,-46.34211823859231,0
37.7435449084557,-46.54562939003358,-49.46061585423909,0
27.107163445670494,-63.21187962809438,-15.735619840759618,0
30.446311164830153,-50.26992938863268,-40.7464816504348,0
67.80570024623037,-74.65785682617368,12.506890002606148,0
50.436333585664194,-73.18469369145272,10.738668264645563,0
41.620776384787106,-36.97473317103707,-20.69327980354007,0
113.61577514857053,-93.14958283944227,-41.32642544875256,0
106.85081279597347,-66.85752201056748,-15.633170698304687,0
52.9624424457013,-41.745491940975135,6.4177559558879524,0
93.61438753971952,-109.64092079000571,-70.0548868456753,0
109.3115425553371,-104.97699780210611,-73.25993483164577,0
96.45124053382857,-56.14259988737651,-6.162526260621507,0
108.607565868095,-81.60998376386776,-28.4676754069264,0
96.28141472530874,-112.57102204150425,-35.945750715468776,0
86.09817295666839,-100.29888261887545,-8.384589402552743,0
77.08235914251442,-87.00500828450627,2.779968043973739,0
93.44773912461429,-107.07832438775614,-21.509303552526458,0
49.56420488943174,-53.41210266677408,14.299331153543667,0
57.41477052480323,-62.889230902828885,14.770950758822028,0
27.100136489801415,-52.70243915476118,-18.479238612873843,0
24.18110457200217,-52.82346803597514,-26.3579747307122,0
72.5039983210041,-46.52342364942357,-46.63435348095501,0
53.798253127587536,-28.524887514739266,-37.33006224910472,0
108.33102860993806,-111.30866849594773,-51.02164929712314,0
105.91271288184522,-117.2777590664226,-57.84116385566075,0
113.94397926739869,-101.38947614410773,-54.81348570428991,0
44.17076899667538,-60.80285101235597,-39.04133488465629,0
28.63195473764295,-66.14167488400426,-26.422665761228448,0
34.81467075147842,-60.174354399592794,-36.38162393601979,0
28.880310830913164,-62.662883237057706,-30.79728809085761,0
31.08719195069186,-73.7522773742503,-17.818774551475496,0
42.91529899911604,-75.72093416342031,-1.7463535343987482,0
37.42914287084938,-75.95224594159843,-9.544208713112551,0
61.913796884740236,-84.46132018675809,-0.4093967553757375,0
52.723782055880825,-75.65896026521406,-1.7332508199584502,0
48.26711234364429,-78.15924974186714,-12.808747238028976,0
57.056364092543134,-83.11441058718827,-15.477912530766618,0
43.370524316468064,-73.87188754565034,-23.268756769098736,0
51.441834730358636,-80.22410658773813,-25.57556071471425,0
40.69975310575349,-68.81473573023021,-30.34557180206054,0
48.71614271008106,-71.04234408202477,-34.02799324438565,0
79.73936914611745,-108.8247456659871,-49.3197945581075,0
79.70458495419031,-93.88379437512566,-60.98797208307303,0
83.60684964444546,-112.99913953588822,-43.24972119618032,0
80.41956185459136,-101.07061463955355,-56.74756462142924,0
86.00384305528843,-111.73658467683526,-35.599282119761746,0
72.42383784095189,-86.7639738365036,-55.571206903362445,0
81.48354147898206,-109.30841984353873,-28.46265699660577,0
73.60909120927407,-107.52062894258981,-36.21111548177235,0
70.89288297051466,-102.47738738636454,-43.73905106431755,0
71.28258412979005,-94.60359634667137,-50.47503007251801,0
65.29859463362635,-76.60303521944266,-46.5915027252825,0
65.74492173030391,-94.7347853243685,-37.463113061130706,0
68.15056650521485,-100.6342512903779,-28.9423085582464,0
75.83260588916312,-103.35698845391087,-16.419648398198756,0
64.75588773109769,-86.05226459567278,-42.3101541791006,0
68.28476715587733,-93.47780732314818,-6.9754329615098385,0
62.57116747783105,-92.18185477124884,-20.509295769752676,0
59.69936019212196,-86.71402751775558,-31.212035375560188,0
58.68562468812173,-78.72644720123431,-36.83075570695099,0
56.055295342551055,-67.01934643775388,-41.54786434247476,0
75.99074091676476,-123.98475035420506,-35.32709046835107,0
12.864413389456853,-92.78639155413278,-4.446994353595735,0
-7.460380129428362,-78.61106303724198,-38.137978655194686,0
16.612080666737903,-61.163892621039906,-37.13424974605098,0
-7.092603232816749,-87.57324899684698,-58.59317900586643,0
63.33424931989186,-120.07393725625455,-13.031126125158591,0
56.32588110389317,-112.30240151432213,-71.05512279865353,0
21.90361057993881,-55.76598078268697,-42.595383834057145,0
47.322839158066046,-124.92528858157215,-19.70216284453857,0
20.014410156082043,-71.72721271056656,-23.366615706876452,0
28.136915866931332,-111.94083758299278,46.171975578722574,0
48.43680003360739,-91.92758286093787,37.10400548481697,0
40.901539783147506,-87.20857775666305,32.202061433812496,0
15.579544338487327,-82.56608304826666,-10.920346122923563,0
2.487592483881178,-126.09728911079657,20.836622328305367,0
45.13488522492723,-109.75204304494444,15.347600814010304,0
-3.6257805461269133,-103.22299017565736,-10.78070613201266,0
75.15405667337646,-126.2550144535991,-46.13079959435745,0
9.267378068766696,-98.01531734665994,-3.6953567528863873,0
26.114124178899537,-104.19711092600802,40.149404803334974,0
32.902545478965365,-95.71890530314391,34.28106584771926,0
7.134624368681403,-110.04660238454446,3.4990489759782992,0
25.737132503052653,-115.82830925747523,8.356182504227736,0
22.019447291483328,-111.50504193568408,43.356485073952896,0
36.67688048596816,-104.35731604825926,42.952336355087816,0
48.266740544730105,-81.6054234551586,32.06212469484589,0
10.031335764743424,-97.1858990967197,-62.35345298840143,0
54.17624360413698,-113.54482114496426,2.2079801034142816,0
37.09464300444893,-120.90891352698847,-5.463481821606551,0
16.692711005191434,-120.69974811104767,-30.365558510048896,0
70.76905222740875,-123.02534968176276,-24.520653368894372,0
59.45729768832499,-129.15908596837392,-30.959633673958333,0
27.65716930883582,-102.5857989137904,-64.7637893498481,0
63.35900726976039,-124.6976116254671,-55.26591855748269,0
49.347689444021086,-126.6657686559829,-49.48143119373198,0
45.30952879966534,-106.69307289189915,-67.24036330736529,0
20.111240692721537,-72.96093446566591,-22.855834925498687,0
60.13511935056201,-74.46342490044994,-57.84728108812257,0
70.04752276381312,-85.38542820082301,-65.78009763078948,0
45.47273861341583,-63.27906247661355,-55.37936329647015,0
30.040261143395483,-54.43781886615915,-52.084631884064,0
79.90663288478686,-100.74125341557188,-70.67595355140331,0
29.466465323829684,-129.2505477520712,-39.85457017053427,0
14.278393909150273,-85.02204727867678,-9.21935830556481,0
15.400667556818963,-93.73618583619763,-0.42876155264954974,0
86.93074113684156,-118.6115569889897,-37.40783926046923,0
-18.197326226853313,-108.31623125892676,-44.12896233294446,0
76.97428020328559,-111.55566019267641,-10.077996796484403,0
-14.214035332818003,-97.432313909751,-22.138156214446376,0
84.75167544225333,-119.32098895142218,-57.57922234034511,0
87.05441812246646,-121.20145280007907,-45.47309638741997,0
4.05420533612875,-112.33857271753398,-52.603596083939344,0
66.94950983130903,-99.22428995529144,3.099286026018045,0
43.0177290044163,-117.38661129491692,-62.05169569167193,0
81.86444575127119,-115.29742825852995,-23.557631558686193,0
58.75945131292421,-120.49598564295847,-68.3129952879416,0
28.400644136429477,-89.7986175181524,7.95872655335756,0
19.536251370287676,-120.03650571812932,-59.6523150567312,0
87.08378960815027,-111.59954840510275,-68.02756416599583,0
46.72707061772459,-78.66429590855766,15.736977886191854,0
60.35575710931783,-88.35935672008416,19.63077802869251,0
19.324303252759766,-61.918300224983334,-31.319756184816374,0
21.14198669252303,-61.38698589797176,-31.677758708619773,0
29.97269842486708,-67.05638102885362,-39.42680170138982,0
23.022809370124083,-73.78631250886777,-28.5530233696539,0
35.744919743962754,-68.94917537301333,-46.11099027642049,0
25.032503455698073,-68.24349747530647,-33.896878368103955,0
23.46957762208191,-81.25594599357179,-17.677658553104376,0
27.756033714003618,-86.15297468878684,-6.391296990621379,0
33.25782247180933,-86.44400389326113,1.5468856849756363,0
45.011189725571484,-86.89790021119603,0.8292872655342897,0
55.494366580749215,-92.18457995789502,-0.44604974675687825,0
40.665691164978355,-85.6298069101475,-12.50150526516323,0
49.13983122283593,-93.02274069324861,-15.595425187082405,0
36.592432354269214,-80.39971332915019,-23.14582115213585,0
42.3427334935153,-87.13927874602074,-28.84336767327944,0
33.49116634198708,-75.88400896410967,-31.259751406649276,0
40.98204025911241,-81.31973648009979,-37.25812043413978,0
73.14125996198592,-99.85363869163551,-61.552211736314696,0
77.81807762234402,-117.1507457874744,-37.32718661295226,0
72.15977185654431,-112.56385170253577,-50.59542059317661,0
77.43723171369085,-117.32861989261309,-43.69791510035324,0
73.78003483682853,-107.08032113264677,-59.51789618932147,0
64.37055819605759,-93.37293524902965,-60.12164305490828,0
72.94277452327921,-115.42103336094534,-30.403702459877927,0
63.1990372449211,-102.39247760717394,-54.33711011574574,0
63.60459685680619,-109.91877389068053,-46.74507660153075,0
67.73224390990764,-113.00820712494972,-38.331242866484715,0
57.41028094807487,-84.6400400196747,-53.20434136122928,0
57.22718891336453,-103.00994693508562,-40.24903599111773,0
61.67693958409113,-106.40399382484345,-30.32955522224536,0
69.02840838441386,-110.15231237745766,-17.85940840349466,0
57.4642895587475,-95.16763810970558,-48.26788159771365,0
63.38434350842773,-101.2503522523829,-8.28879434892864,0
55.85809858888221,-99.6268588028899,-21.221027235293683,0
50.50802170158021,-95.12577608612406,-32.90779290176295,0
49.26480147846402,-87.57678626468982,-41.43227374902705,0
46.641327898784645,-76.66586539729414,-49.18542849155552,0
12.27883414641507,-114.19526159623058,19.45401554109899,0
35.34838291231308,-109.17365225382432,28.55792964963562,0
53.99457552760674,-90.4275995663739,26.98778495923694,0
36.59270968766672,-88.2678828020513,19.75427077873936,0
19.27621361263677,-122.84981986963864,31.71166207849653,0
47.514594512563896,-83.44323287498352,23.048820791113563,0
37.60776258463178,-127.48773052657866,-27.621005800300843,0
51.86131802709378,-129.35241987002178,-38.835115709222215,0
24.3605490452172,-123.49946932028227,-16.62982209633196,0
64.64823048889086,-126.96913759757591,-45.84412603737361,0
9.538959800441729,-117.67133627281103,-1.5259963751730943,0
-3.265916214367111,-115.85512060121593,-16.370404086214723,0
-24.375192892352846,-109.92882685547018,-30.072032878608766,0
-14.132781861336555,-81.77011292201091,-48.301424168535284,0
15.410942637831191,-69.9810547904578,-58.176913142931134,0
46.2548719479204,-89.14782946914247,-59.17722828867367,0
30.585530040130553,-78.9162902856083,-60.160800121375374,0
58.010912366302584,-97.56525007735215,-65.13835702168728,0
3.5792607737703324,-68.48296024721232,-39.13332675116256,0
68.82187191894866,-107.21761255820003,-71.15137659978932,0
73.50205770348303,-117.39746649299765,-66.65453091354848,0
75.95600973793312,-122.43484885691402,-57.45863307620977,0
6.661447302725707,-68.32765733699172,-48.15683183666127,0
-12.370534126337457,-123.1176949376917,-4.203335867804267,0
66.17544311840594,-126.12569389347132,-38.37775939400659,0
22.779400061408605,-99.93116015565202,15.287981571856713,0
82.16480251722894,-51.82341953406046,-57.079179324268665,0
106.02741133712387,-85.49207250303596,-0.45046661441321845,0
109.4254889273209,-48.66250085505964,-26.59819405914749,0
71.76135182346543,-62.062452648799244,-62.06509538793878,0
96.93866633240985,-44.72726869601457,-46.965366813714134,0
98.89073126735228,-36.414690120442515,-17.991434596304767,0
57.600040783144124,-51.06020360010671,-58.244357788688376,0
86.19354487807745,-28.47390430637384,-38.0257802134166,0
94.18688031611414,-70.79141713587781,11.654354449278328,0
91.85762782217563,-68.90871382112512,-61.80182516971335,0
111.42718650471251,-95.86282013667389,-18.4497913893566,0
111.36833489313435,-64.21186863255633,-35.821245943541385,0
81.0504361155555,-74.49473101896741,-67.46297959378683,0
103.21139768455242,-61.12181401484747,-50.74201879423621,0
111.69835650300939,-63.41240210769179,-10.696582614593583,0
101.28536035918404,-50.45214178597407,0.6125681374187907,0
115.05505150381703,-80.36556987025921,-25.250022623279595,0
73.02906920026253,-38.405563819818155,-54.51945327128157,0
103.12457586381417,-83.5542276723921,-69.1623399116889,0
115.48843857036472,-106.06301431092888,-34.740222686758266,0
114.61895034201405,-78.03170782184169,-44.09941500933093,0
90.99988954555982,-88.82579460033998,-75.0176132318345,0
113.84346573826059,-81.38251337776681,-59.8031984815742,0
119.45047297250338,-92.2652875682871,-41.38148122278989,0
101.12917317953483,-112.00988039917863,-81.12756049147285,0
114.62228811956516,-106.85252124571959,-75.4009528602729,0
115.9998716048099,-113.57690816830419,-51.375757702722865,0
112.22935039976272,-118.73906042748978,-61.34546613547858,0
120.49346556179184,-103.18327023346899,-59.508537083997005,0
103.15707967915223,-115.34941322894657,-32.325932110835666,0
91.53002209652946,-99.57477441729365,-0.6711948014015956,0
82.33192868857135,-85.64872636951095,9.552455822073144,0
100.42891037316352,-108.2759462666761,-14.521301363910267,0
77.10394379238372,-125.84542022806487,-34.84522834277812,0
64.3330623169706,-121.84617804419496,-11.08374899457361,0
56.02401058759897,-111.70176793748679,-73.62678092795456,0
46.13211208687798,-127.28326468569438,-18.838734084812515,0
76.02720388389872,-128.82944404122577,-46.06324667746549,0
6.830675538324924,-96.06766426578876,-65.4546158625442,0
55.056342528116545,-116.06023814502309,4.273407574763738,0
35.72645581544568,-123.2146038089539,-4.197652994531993,0
15.406460340454194,-123.79423327023748,-30.043475830352133,0
71.77662852616776,-124.91078187472854,-22.4284066723806,0
58.15167171865455,-131.63659051075115,-30.150870001192363,0
25.035279187031197,-100.5241945150209,-68.28899435262086,0
62.0863449238431,-128.81443652825763,-55.65508933737935,0
47.65121636530551,-130.06001068217964,-48.79524987080136,0
43.071396910229154,-105.31820998577057,-69.87842366628347,0
58.89566922745712,-72.13158129171474,-60.19083133564762,0
68.75534512932362,-83.96968028909328,-67.71585002686498,0
44.54209251724852,-61.785252263354785,-56.77221806970517,0
79.4399094400469,-100.75212349790701,-73.06328134708895,0
27.999722123143638,-132.67952589893483,-40.57614085835588,0
77.92990394747306,-113.59006612959244,-8.593458554122162,0
0.9501233061862482,-113.35487729797174,-54.42402887060594,0
68.20788455234246,-101.12715384622703,5.454177999916995,0
40.46375349894948,-120.02385498893779,-63.8164452019108,0
82.45454803085818,-117.03562738100118,-22.451262622262952,0
56.98793108626071,-122.64410526330761,-70.35911874820701,0
16.324736783281864,-122.09307888690714,-61.07712748863728,0
85.67411527351847,-122.7794437240522,-58.482104101063356,0
87.91749295168026,-114.12904029505059,-68.34436969388445,0
12.743280290269414,-92.56551682737629,-2.892686267857302,0
32.23247174313165,-54.26341936702317,8.075111008169767,0
41.99078934211642,-53.47802529783939,16.250399140109746,0
26.42193473818537,-57.510888851617636,-9.429635252835912,0
19.93139983277238,-70.31901681929693,-22.259417864100403,0
32.13484343263416,-56.11278027257765,7.857334988217918,0
44.663780534374965,-60.64834028820112,20.853895147847,0
40.86778915475724,-84.84769850644116,31.203222844526252,0
15.52323530895876,-82.3267081187927,-9.219518942448653,0
22.373318306842037,-57.809823073442764,-1.3320530695030153,0
31.71922000182713,-54.066661626005725,13.430360481671595,0
42.993863081113886,-59.00407101861502,23.54074793256547,0
41.24994105950684,-72.6449378967769,19.328907996006954,0
20.494023909910123,-73.88809768275657,4.308444565250167,0
18.190567399752084,-76.47643803653057,-7.149009965437587,0
42.12236211657162,-74.36512884353269,10.739420279848572,0
23.403539752364072,-84.62533647113865,1.7146030981782678,0
8.192991992524515,-98.46654225918542,-1.6434389551733966,0
24.784606146940124,-104.00383401275421,39.220354419910244,0
32.74620867190746,-94.58716636440633,34.031403406016764,0
6.325218565820127,-110.5967482461005,5.6742996197494895,0
50.25729450275851,-79.84810304980238,30.39775103362583,0
22.534295973640877,-86.12405172998308,6.0565383081435655,0
24.711982850773555,-63.37676646569003,-13.257416751559727,0
21.599548547352743,-70.77742194560446,-21.538052688901722,0
14.244203975659094,-83.38043833478571,-8.079128876927491,0
15.018776094935681,-92.92799188496578,1.0726166567831248,0
51.73848506410947,-71.40779838710057,19.28932056559851,0
28.64760620393348,-89.17452698674623,10.688377073725695,0
48.32144057098607,-76.66929154784238,19.318031662963243,0
49.15097449494276,-52.677095331152096,20.65053902113059,0
56.28835284202268,-61.24329507354501,22.93011930686929,0
23.9699419119111,-52.37571534523891,-17.82128448922582,0
19.061435150590285,-58.91006897732442,-30.979102405555444,0
20.780939584072495,-54.4487640896238,-27.392772364091744,0
20.07385280741193,-58.032259242040304,-31.626007853196512,0
15.965112103890865,-58.807409342431505,-36.72121495341417,0
24.278984256507034,-41.91921825926237,-24.542189406777943,0
21.634353408359512,-53.28123989908127,-43.98473198322806,0
24.554098299040568,-43.08672451402169,-43.022295261217714,0
51.048059423196726,-91.60581996654324,35.65911122770721,0
56.28859323183855,-48.26234968195504,21.500492780447175,0
81.0466840001783,-58.17258444292737,25.902169444013634,0
71.17271144529563,-74.4094690549726,24.278645719060023,0
63.39682241988991,-86.75998605471985,21.979343736670266,0
30.70054194406186,-35.2724457811917,-27.33722843548442,0
48.883066330311465,-27.553188641811403,-12.581912740158897,0
52.51980362800171,-30.55415161464178,-2.252857549292552,0
84.83285951945294,-38.176128693673746,11.438243645486839,0
81.07169312915374,-19.60598378068897,-5.485931387836776,0
67.5889006657791,-17.242495715095203,-26.893549271074836,0
36.461558011814,-37.892616202459585,-53.770745112013095,0
39.643350673529916,-29.81426425924349,-25.320499428483853,0
58.65346786514506,-34.25631953876593,10.60754872169652,0
52.31269952879366,-20.19254167439784,-41.771893645769325,0
-11.95229456114964,-77.78979633438935,-40.68993761819534,0
-10.516295229969607,-86.50670283019389,-62.6611271540458,0
-15.952738081929509,-126.17272890999874,-1.3722822590728476,0
-6.380156016936362,-105.18175112590586,-7.476434962259413,0
28.956421748879002,-53.137398278722955,-53.47692827409125,0
-23.03642426121509,-109.92497388901042,-45.88196638820762,0
-17.473701751304407,-99.02357652890059,-19.45013502162786,0
28.151455244687988,-113.80547723154162,47.743858180308216,0
44.17641986341168,-112.97726796204142,18.227324463623578,0
23.84500179873267,-118.44306146963038,9.22815685427155,0
19.410860266899537,-113.20417679011229,43.798906441517005,0
37.11330628878147,-105.39625144815761,43.74743088085664,0
11.173372919042436,-114.1296393273136,19.58816166685438,0
34.99653234509345,-88.0346032504322,17.950990867611885,0
22.95883488618407,-98.33749809886065,15.555464744741272,0
48.82234114137676,-81.13230835243537,23.332707948036482,0
34.458140608899164,-112.69995961413059,30.844094088742132,0
57.6082344945447,-89.40379883522405,27.98350130339444,0
18.37168058592265,-125.25718760636435,33.7209657292462,0
-0.8617448286049945,-129.56815229428847,21.67907963065006,0
-17.82003792443896,-80.6114853071351,-50.39909149954142,0
-29.37289391998013,-112.20535560501706,-27.945285480637647,0
-6.856881725059084,-119.42592196487834,-15.737047911931752,0
8.074595480811274,-119.67600494017627,-0.4617983841989113,0
23.07140811919954,-125.71319383985838,-16.20080832448209,0
36.448329491113626,-130.03479320573516,-27.57305355164064,0
51.2710815223547,-131.7581553181161,-38.37209759465707,0
88.89750570123716,-122.46080320316645,-46.11773924957512,0
63.746948966037735,-129.9969748133902,-46.06222290468763,0
101.82060454145153,-119.79717054881537,-47.2324183860766,0
99.31674209095013,-123.72564625097287,-61.47151760238162,0
87.60419936093038,-119.36844846857107,-34.21665646098644,0
28.938245252256678,-76.4627282535111,-63.77025744619191,0
13.06246349778939,-66.92196392529085,-62.429222135668184,0
45.11561585342767,-88.14964633608571,-59.70831486177342,0
56.73184472130564,-96.2942902714121,-65.62997980015278,0
68.88534111625938,-107.03422578845422,-72.55242499785258,0
75.79072117478225,-125.28540812793985,-57.64569370434673,0
72.87782934330609,-120.29194418990866,-68.82283091372072,0
2.489882643317273,-66.2005657675778,-41.399430334545656,0
5.073965241467288,-65.50030225665508,-51.11887676760071,0
65.49163963999459,-129.07947632570298,-38.29900529171504,0
