Procrustes distance
828.334293
468.823070
531.834184
502.576670
759.220165
813.828055
501.955662
531.167453
754.060423
584.579451
524.231993
706.388460
547.619351
937.930715
405.405461
454.958785
592.459364
503.287825
341.442169
702.287387
333.395269
512.188963
472.811662
446.066707
532.529469
836.563270
561.455223
543.261937
425.167107
364.080349
603.999390
562.476526
747.531686
1045.040310
801.435665
320.520587
441.026925
490.072750
336.272246
587.424896
724.228511
649.086655
417.422417
438.483153
803.724085
875.535477
474.455080
642.439185
338.796788
322.350270
918.793535
490.909969
527.529241
608.414904
326.618554
332.971432
831.570114
151.707595
535.367336
521.784091
716.944970
759.758500
445.152483
553.967347
390.829562
649.791824
522.939826
522.530058
826.946451
941.053102
568.613902
468.741416
729.757858
516.954058
793.317649
509.697825
522.870868
310.790593
261.172606
908.542808
430.289796
287.663895
600.961701
393.456780
912.410395
330.402203
562.841201
318.538342
272.689831
594.833545
639.455934
536.538807
637.372804
421.639667
544.809178
863.672500
950.948692
296.747027
482.056900
