X,Y,Z
75.424283,-85.422662,-66.611115
10.759736,-17.789335,-24.178008
13.320063,-14.520424,-27.123914
29.897297,-1.908687,-22.695279
35.231888,-1.810033,-13.815823
12.762635,-27.070877,-3.727854
64.424369,-13.700081,-4.090474
62.515561,-4.169879,-22.762755
61.118070,-52.036324,-53.748259
79.657864,-93.648707,-29.704586
59.104315,-108.883831,-47.959998
76.232016,-65.818485,-8.836269
86.765870,-75.656463,-47.512393
82.725129,-43.593593,-37.633157
60.587520,-91.158852,-66.913157
48.636769,-61.237166,-53.399154
51.245014,-5.117195,-37.793625
62.144115,-108.409763,-37.734137
84.086686,-80.875741,-57.337305
73.432138,-46.232559,-48.362108
21.970913,-23.516704,5.189826
9.599193,-27.149215,-13.065419
13.389954,-30.385553,-4.214075
23.794739,-29.761842,7.860849
1.492035,-32.297073,-9.622146
8.375494,-29.296540,0.537041
17.736520,-29.664558,9.167628
17.956960,-39.261769,8.558135
3.135288,-38.945337,-5.732785
3.747661,-40.669441,-10.981527
22.532449,-40.338889,5.204295
7.542747,-45.456729,-4.615905
33.302090,-13.668960,8.647031
55.334758,-30.593974,10.533207
8.658005,-46.565971,-0.234263
74.795179,-25.533440,-30.061625
37.661378,-46.229809,-45.910278
64.257989,-26.424824,-41.651818
68.203959,-48.600528,0.483503
67.953789,-69.098791,-58.944236
78.430633,-82.004646,-19.516745
85.511508,-62.298363,-43.019358
55.778548,-76.040832,-61.419844
77.733267,-62.578427,-51.682054
24.828543,-33.241270,-46.235274
10.219910,-31.501988,-16.427566
16.114556,-30.947394,-38.563845
47.851799,-45.123485,9.822387
31.330294,-41.850763,7.053638
21.171813,-7.741869,-27.060785
87.104938,-84.905317,-39.958602
84.095660,-51.919362,-22.451815
37.078065,-6.345880,1.386139
59.869627,-105.670839,-59.943988
76.612250,-103.775220,-66.382419
76.323817,-33.868978,-14.600729
85.985229,-70.122240,-31.464041
65.579492,-102.597929,-26.414530
58.502861,-78.133547,-1.995250
52.502536,-60.870733,6.922500
64.503642,-91.240921,-13.482635
29.869712,-20.278645,9.671446
38.053060,-30.254786,11.172028
8.071699,-23.757842,-19.145845
7.751260,-26.228209,-26.785974
53.247248,-35.124340,-48.812089
39.091663,-11.510315,-45.878263
76.045617,-105.590199,-43.398657
71.091857,-110.492357,-47.701422
85.621645,-96.492914,-51.760739
25.852181,-41.939238,-35.475984
11.699911,-40.901236,-23.863475
17.892590,-39.163137,-32.197882
12.242777,-38.941395,-28.417264
13.355664,-46.060453,-14.772381
23.572503,-44.677844,-2.093204
18.279674,-46.967740,-7.506141
38.111539,-58.804138,4.199121
31.524239,-48.582697,-0.392522
26.164963,-53.773988,-9.155525
32.129165,-61.906173,-10.356057
23.112402,-50.069582,-19.180119
28.790916,-59.803040,-20.543214
21.484412,-46.373378,-25.896608
28.653385,-51.641818,-29.450217
47.491499,-100.130514,-40.119355
50.805761,-88.435140,-57.088123
51.325609,-102.565041,-32.895840
48.671992,-95.623256,-51.137483
54.899915,-99.888144,-25.567389
45.492837,-79.429531,-52.300804
51.246885,-95.324796,-18.312451
43.396904,-94.540911,-26.607301
41.205727,-91.234112,-35.512331
42.230010,-85.732913,-44.485294
40.583868,-65.946191,-44.947577
36.895059,-81.139943,-30.377671
37.939214,-85.342159,-19.661906
45.239862,-84.057992,-6.834624
37.020599,-74.483936,-38.144213
41.087949,-70.565055,0.094282
33.835851,-74.234022,-12.915747
32.677578,-71.049791,-25.727643
33.633349,-63.488551,-33.183923
34.698049,-52.039830,-38.790711
42.908796,-105.769516,-21.695783
-7.599201,-52.731773,-8.813820
-23.967377,-52.767620,-33.845864
-0.333087,-38.101227,-37.590502
-22.582480,-67.691957,-40.540293
32.555739,-93.270951,-0.236208
24.846739,-105.793006,-60.868702
6.954820,-36.711158,-40.025973
19.582459,-102.209825,-4.058229
1.801208,-40.715532,-24.074764
4.014049,-55.482671,48.057837
25.658364,-50.519601,39.930919
17.934917,-43.285397,30.495014
-2.583198,-45.797156,-14.943703
-15.477290,-70.130895,27.727864
21.772448,-79.023010,28.259636
-24.582013,-62.578947,-9.866003
40.925127,-109.074918,-32.835781
-14.260665,-56.867729,-6.594658
2.893011,-46.823078,38.868642
9.557449,-44.203851,32.330234
-13.300639,-63.300853,8.396575
2.406534,-85.881866,24.528764
-1.044848,-51.738956,43.951046
14.605198,-55.542629,47.932977
25.183092,-42.941411,30.011809
-13.414940,-81.477840,-50.546088
26.759570,-85.216496,13.956986
10.424581,-95.129111,10.836442
-11.408584,-97.000731,-13.157377
38.971641,-100.060678,-11.341333
29.046526,-106.842305,-16.676678
1.450173,-91.735871,-56.089701
30.226770,-108.785602,-40.554537
18.515074,-111.453200,-33.348920
16.043018,-98.933506,-59.516728
3.054268,-41.359646,-21.709690
36.909827,-66.449373,-54.834120
44.747284,-80.648627,-62.029046
25.659097,-51.703054,-50.124802
14.411018,-39.933946,-46.822016
49.525037,-97.325581,-64.784056
2.248155,-106.330488,-22.939856
-1.331051,-47.551282,-10.551932
0.687187,-54.306276,-1.169053
54.119861,-105.758058,-25.294460
-33.465357,-83.384901,-23.988732
46.122712,-86.624948,-0.054409
-31.614998,-60.255983,-19.367390
49.628828,-109.232834,-46.030729
52.087891,-109.601939,-33.069792
-21.741617,-92.481608,-32.618276
39.583984,-71.803767,10.137988
12.368781,-108.834714,-49.934111
51.114035,-96.978164,-12.237836
25.579923,-110.923316,-54.324976
10.530500,-52.846053,8.039400
-6.135163,-102.600254,-43.027135
53.255368,-107.197913,-59.471813
25.877012,-46.859034,14.625611
37.552100,-56.815117,22.323366
2.336433,-36.482231,-32.000163
4.227565,-36.461627,-31.213794
11.409146,-46.866200,-34.349591
4.556041,-48.283070,-24.210549
16.904010,-50.950524,-39.268154
5.733402,-45.277184,-30.761773
6.031707,-53.188503,-13.708086
7.906399,-59.365202,-3.438034
12.455326,-57.515482,5.345188
20.840831,-59.514766,7.244582
28.340873,-66.595320,8.622001
16.550516,-61.998839,-6.087308
21.505333,-70.664773,-6.675355
14.238640,-57.528402,-17.334166
17.938518,-66.855824,-20.629772
12.549659,-54.011753,-25.533444
18.581007,-61.449283,-29.357245
44.248736,-92.931498,-53.913598
45.070250,-102.417990,-25.101975
40.339794,-100.983974,-39.353408
43.591522,-104.642751,-31.410248
43.141617,-98.437589,-49.508654
37.937662,-85.344085,-52.530067
41.347024,-98.569684,-18.033084
35.390089,-91.845328,-43.830051
33.877919,-95.574287,-34.236956
36.330248,-97.283088,-25.731080
32.033503,-74.005719,-47.096884
28.121642,-86.632533,-28.325983
30.229878,-88.840565,-18.126549
37.048403,-89.557327,-5.454769
29.984787,-82.233699,-38.701503
33.376933,-78.018381,2.559309
25.367880,-80.000146,-10.390652
22.548355,-77.407973,-22.731476
23.877350,-71.796605,-33.255667
24.340078,-61.513806,-42.053678
-8.295659,-62.866933,23.679313
14.454162,-70.622363,39.188746
31.236245,-56.149278,30.179308
15.929645,-49.990851,19.358862
-2.378029,-74.811448,39.732797
25.917322,-49.302638,22.984425
9.949957,-105.332666,-11.701774
21.960715,-108.781631,-23.724496
-2.744395,-97.850001,0.914025
32.165899,-108.704608,-31.166978
-11.607823,-84.782277,13.751416
-23.893174,-85.374757,-1.987274
-35.532216,-72.703980,-15.532494
-26.193266,-58.892630,-35.276583
-3.033694,-55.083032,-48.064878
20.359531,-78.013167,-56.036831
7.302626,-65.671172,-51.809840
29.858068,-90.479037,-61.209016
-14.695309,-44.098502,-38.569954
37.634232,-102.971255,-64.793850
39.881823,-109.954577,-56.795537
41.705347,-108.981325,-45.068375
-10.539612,-48.563692,-42.147995
-29.188409,-74.382311,5.913010
34.500814,-107.201301,-24.286164
3.142919,-55.596354,16.848422
62.565672,-48.629247,-62.700762
81.648921,-63.605231,-2.775442
90.293023,-36.494692,-38.659876
49.594148,-57.107503,-62.703515
78.158308,-38.712938,-55.985033
82.581384,-18.570886,-31.216034
38.279274,-41.914154,-56.386320
68.772344,-17.931868,-48.397400
73.500081,-44.955478,6.479007
68.996504,-65.926677,-66.187625
84.230198,-79.824824,-15.941283
92.987855,-54.890484,-43.906322
56.763921,-72.217596,-67.635345
83.251048,-56.601346,-59.553251
91.217833,-48.098576,-19.854161
82.874382,-27.851674,-10.465733
93.726435,-68.003376,-29.186257
54.456444,-30.538247,-58.672037
77.002491,-82.434118,-73.335415
86.277128,-95.319434,-28.830088
93.353769,-71.498240,-48.930490
63.157920,-89.818506,-73.610891
89.916221,-77.828602,-64.621909
94.148540,-84.772162,-41.029394
65.517639,-110.371693,-67.829269
81.560229,-107.163988,-68.831227
85.041930,-108.321469,-43.509947
77.498575,-113.490233,-51.326662
92.721781,-99.768193,-56.939255
71.549739,-104.780030,-22.428438
63.719300,-76.786303,4.948448
58.189412,-60.143975,13.123478
70.165189,-90.973363,-7.164208
43.669439,-107.062578,-20.686748
33.354745,-94.416464,2.204908
24.380318,-105.983712,-63.571958
18.165551,-104.468413,-2.145157
41.354141,-110.731081,-32.399545
-15.949603,-81.262442,-53.901925
27.609855,-87.842347,17.231619
8.759598,-97.471118,13.351627
-13.670471,-100.333850,-11.764265
39.561886,-100.837198,-8.761972
27.674369,-108.839033,-15.031297
-0.913324,-90.890926,-59.902506
28.382687,-111.720767,-39.523484
16.756558,-114.343356,-31.756698
13.978339,-98.616271,-62.881640
36.463815,-65.601748,-56.185881
43.811742,-80.279070,-63.910007
25.248157,-51.302649,-51.363522
48.948308,-98.157145,-67.410134
0.339727,-109.249653,-22.354342
46.227923,-87.685857,1.861876
-25.011813,-93.746402,-33.326408
39.724274,-72.944010,12.307807
9.544320,-111.756644,-51.008805
51.270955,-98.508941,-10.111070
23.240395,-113.836294,-55.610278
-9.433454,-104.471909,-43.436960
49.923905,-111.416836,-46.026051
53.114047,-110.819130,-60.613019
-8.216867,-51.712484,-8.223395
11.868651,-25.957550,-2.907871
21.825206,-21.258877,7.231088
7.696005,-26.601068,-13.849290
1.618995,-38.983328,-23.625943
11.550957,-28.212651,-2.873600
23.099960,-28.893047,10.467750
18.070691,-41.487776,28.559330
-2.724241,-45.062182,-13.976710
-0.130128,-29.969756,-12.732203
8.520494,-26.717469,0.323817
19.414844,-28.790109,11.665793
19.351884,-40.456263,10.913782
0.709176,-40.954385,-5.847334
1.776028,-41.177588,-11.541981
22.972323,-41.018387,6.074545
7.180250,-47.741660,-1.514082
-15.401356,-55.424809,-5.253144
1.584578,-46.293760,37.502329
9.507125,-42.789360,31.336717
-14.921757,-62.309081,9.721887
27.424725,-43.240134,28.310126
5.694817,-49.099683,0.475333
6.545608,-32.036740,-16.346609
3.637274,-39.303529,-21.612235
-1.622441,-45.772025,-10.639402
0.795262,-52.349370,-0.746777
31.132195,-38.943097,14.321575
10.246114,-51.381577,9.974378
27.166114,-44.796312,17.191840
28.490885,-18.326678,14.713623
35.503904,-27.325256,18.334331
5.528541,-23.024133,-20.749279
2.608568,-33.831253,-32.356486
4.225785,-27.598400,-29.012779
3.833307,-33.481512,-32.280865
-0.623224,-35.558049,-38.299163
6.263661,-14.914173,-27.552682
7.216866,-35.070951,-41.979446
11.222859,-25.151865,-42.939017
28.169964,-51.791465,38.793797
36.531958,-11.355365,16.709290
61.258130,-24.012419,18.253733
50.378845,-41.998703,21.326641
40.363148,-54.810579,23.674974
12.757424,-9.605682,-33.291537
32.911726,4.559791,-23.851519
37.611311,6.022522,-13.598486
70.256003,-7.709838,-1.571644
68.434139,4.768411,-22.895697
54.603051,3.336391,-41.815363
23.569652,-25.470253,-54.206206
20.782292,-1.885447,-33.350122
43.619272,2.533581,2.829970
39.082415,-4.856188,-53.362282
-27.147480,-52.074497,-35.065952
-25.096969,-67.575213,-43.152634
-32.018789,-74.373466,8.723340
-27.234183,-61.360007,-7.217417
13.521190,-39.152452,-47.907753
-37.038445,-85.105638,-24.148928
-34.937949,-59.266215,-17.772867
4.029551,-57.390017,50.209184
20.959277,-81.932526,32.885428
0.636309,-88.421436,26.385714
-3.412517,-51.661887,44.199392
15.388326,-57.219835,49.821832
-9.585129,-61.759813,23.222800
14.835938,-49.600113,17.310195
3.199117,-53.734770,16.086794
27.034586,-47.337845,22.550249
13.692649,-73.270197,42.905596
34.672452,-55.789188,31.141585
-3.384259,-76.781674,42.009402
-18.400846,-71.893657,29.121255
-29.007131,-58.221468,-36.807502
-39.154544,-72.069696,-13.617306
-27.160260,-88.701517,0.225464
-13.164782,-87.047045,15.776602
-4.036474,-99.876769,2.388003
8.457871,-107.639908,-10.769928
21.150081,-110.704561,-22.587646
53.056564,-111.700826,-33.373948
30.950688,-110.683017,-30.500416
68.507105,-113.367068,-36.183485
62.100014,-116.934332,-47.687921
54.658253,-106.412012,-21.008361
5.929585,-64.470733,-55.024030
-4.869417,-53.428447,-52.475901
19.255764,-77.383080,-58.116541
28.745976,-89.502142,-63.609212
37.644593,-103.770185,-67.146679
41.209123,-110.584554,-44.662252
38.613612,-112.897649,-58.117551
-15.437074,-42.657441,-40.601012
-11.629718,-46.800736,-44.788746
33.548793,-109.497011,-23.418872
